1 1
2 0
3 1
4 0
5 0
6 1
7 2
8 1
9 1
10 0
11 0
12 1
13 0
14 1
15 1
16 0
17 1
18 1
19 0
20 1
21 0
22 0
23 1
24 1
25 1
26 0
27 1
28 0
29 0
30 1
31 0
32 0
33 1
34 1
35 1
36 0
37 0
38 1
39 1
40 0
41 0
42 0
43 1
44 0
45 0
46 0
47 1
48 1
49 1
50 1
51 1
52 0
53 1
54 1
55 1
56 1
57 2
58 1
59 0
60 0
61 0
62 1
63 0
64 1
65 1
66 1
67 1
68 1
69 1
70 0
71 1
72 1
73 0
74 0
75 0
76 1
77 1
78 0
79 1
80 0
81 0
82 1
83 0
84 1
85 1
86 1
87 1
88 1
89 1
90 0
91 1
92 0
93 0
94 1
95 0
96 1
97 1
98 1
99 1
100 1
101 1
102 1
103 1
104 0
105 0
106 1
107 1
108 1
