1 3
1 6
1 7
1 8
1 9
1 12
1 14
1 18
1 20
1 24
1 25
1 30
1 33
1 34
1 35
1 38
1 39
1 43
1 47
1 48
1 50
1 51
1 53
1 54
1 55
1 56
1 57
1 58
1 62
1 64
1 66
1 67
1 68
1 69
1 71
1 72
1 76
1 77
1 79
1 85
1 86
1 87
1 88
1 89
1 91
1 94
1 96
1 97
1 98
1 99
1 100
1 101
1 102
2 4
2 5
2 10
2 11
2 13
2 16
2 19
2 21
2 22
2 26
2 28
2 31
2 32
2 36
2 37
2 40
2 41
2 42
2 44
2 45
2 46
2 52
2 59
2 60
2 61
2 63
2 70
2 73
2 74
2 80
2 81
2 90
2 92
2 93
2 95
3 1
3 6
3 7
3 8
3 9
3 12
3 14
3 18
3 20
3 24
3 25
3 30
3 33
3 34
3 35
3 38
3 39
3 43
3 47
3 48
3 50
3 51
3 53
3 54
3 55
3 56
3 57
3 58
3 62
3 64
3 66
3 67
3 68
3 69
3 71
3 72
3 76
3 77
3 79
3 85
3 86
3 87
3 88
3 89
3 91
3 94
3 96
3 97
3 98
3 99
3 100
3 101
3 102
4 2
4 5
4 10
4 11
4 13
4 16
4 21
4 22
4 26
4 28
4 31
4 32
4 36
4 37
4 40
4 41
4 44
4 45
4 46
4 52
4 59
4 60
4 61
4 70
4 73
4 74
4 80
4 81
4 90
4 92
4 93
4 95
5 2
5 4
5 10
5 11
5 13
5 16
5 21
5 22
5 26
5 28
5 31
5 32
5 36
5 37
5 40
5 41
5 44
5 45
5 46
5 52
5 59
5 60
5 61
5 70
5 73
5 74
5 80
5 81
5 90
5 92
5 93
5 95
6 1
6 3
6 7
6 8
6 9
6 12
6 14
6 18
6 20
6 24
6 25
6 30
6 33
6 34
6 35
6 38
6 39
6 43
6 47
6 48
6 50
6 51
6 53
6 54
6 55
6 56
6 57
6 58
6 62
6 64
6 66
6 67
6 68
6 69
6 71
6 72
6 76
6 77
6 79
6 85
6 86
6 87
6 88
6 89
6 91
6 94
6 96
6 97
6 98
6 99
6 100
6 101
6 102
7 1
7 3
7 6
7 8
7 9
7 12
7 14
7 18
7 20
7 24
7 25
7 30
7 33
7 34
7 35
7 38
7 39
7 43
7 47
7 48
7 50
7 51
7 53
7 54
7 55
7 56
7 57
7 58
7 62
7 64
7 66
7 67
7 68
7 69
7 71
7 72
7 76
7 77
7 79
7 85
7 86
7 87
7 88
7 89
7 91
7 94
7 96
7 97
7 98
7 99
7 100
7 101
7 102
8 1
8 3
8 6
8 7
8 9
8 12
8 14
8 15
8 18
8 20
8 24
8 25
8 30
8 33
8 34
8 35
8 38
8 39
8 43
8 47
8 48
8 50
8 51
8 53
8 54
8 55
8 56
8 57
8 58
8 62
8 64
8 66
8 67
8 68
8 69
8 71
8 72
8 76
8 77
8 79
8 85
8 86
8 87
8 88
8 89
8 91
8 94
8 96
8 97
8 98
8 99
8 100
8 101
8 102
9 1
9 3
9 6
9 7
9 8
9 12
9 14
9 18
9 20
9 24
9 25
9 30
9 33
9 34
9 35
9 38
9 39
9 43
9 47
9 48
9 50
9 51
9 53
9 54
9 55
9 56
9 57
9 58
9 62
9 64
9 66
9 67
9 68
9 69
9 71
9 72
9 76
9 77
9 79
9 85
9 86
9 87
9 88
9 89
9 91
9 94
9 96
9 97
9 98
9 99
9 100
9 101
9 102
10 2
10 4
10 5
10 11
10 13
10 16
10 21
10 22
10 26
10 28
10 31
10 32
10 36
10 37
10 40
10 41
10 42
10 44
10 45
10 46
10 52
10 59
10 60
10 61
10 63
10 70
10 73
10 74
10 80
10 81
10 90
10 92
10 93
10 95
11 2
11 4
11 5
11 10
11 13
11 16
11 19
11 21
11 22
11 26
11 28
11 31
11 32
11 36
11 37
11 40
11 41
11 42
11 44
11 45
11 46
11 52
11 59
11 60
11 61
11 63
11 70
11 73
11 74
11 80
11 81
11 90
11 92
11 93
11 95
12 1
12 3
12 6
12 7
12 8
12 9
12 14
12 18
12 20
12 24
12 25
12 30
12 33
12 34
12 35
12 38
12 39
12 43
12 47
12 48
12 50
12 51
12 53
12 54
12 55
12 56
12 57
12 58
12 62
12 64
12 66
12 67
12 68
12 69
12 71
12 72
12 76
12 77
12 79
12 85
12 86
12 87
12 88
12 89
12 91
12 94
12 96
12 97
12 98
12 99
12 100
12 101
12 102
13 2
13 4
13 5
13 10
13 11
13 16
13 19
13 21
13 22
13 26
13 28
13 29
13 31
13 32
13 36
13 37
13 40
13 41
13 42
13 44
13 45
13 46
13 52
13 59
13 60
13 61
13 63
13 70
13 73
13 74
13 75
13 78
13 80
13 81
13 90
13 92
13 93
13 95
14 1
14 3
14 6
14 7
14 8
14 9
14 12
14 15
14 18
14 20
14 24
14 25
14 30
14 33
14 34
14 35
14 38
14 39
14 43
14 47
14 48
14 50
14 51
14 53
14 54
14 55
14 56
14 57
14 58
14 62
14 64
14 65
14 66
14 67
14 68
14 69
14 71
14 72
14 76
14 77
14 79
14 85
14 86
14 87
14 88
14 89
14 91
14 94
14 96
14 97
14 98
14 99
14 100
14 101
14 102
15 8
15 14
15 30
15 51
15 58
15 66
15 67
15 85
15 86
15 87
15 91
15 94
15 97
15 102
16 2
16 4
16 5
16 10
16 11
16 13
16 19
16 21
16 22
16 26
16 28
16 31
16 32
16 36
16 37
16 40
16 41
16 44
16 45
16 46
16 52
16 59
16 60
16 61
16 63
16 70
16 73
16 74
16 80
16 81
16 90
16 92
16 93
16 95
17 27
17 49
17 82
17 84
17 106
17 107
17 108
18 1
18 3
18 6
18 7
18 8
18 9
18 12
18 14
18 20
18 24
18 25
18 30
18 33
18 34
18 35
18 38
18 39
18 43
18 47
18 48
18 50
18 51
18 53
18 54
18 55
18 56
18 57
18 58
18 62
18 64
18 66
18 67
18 68
18 69
18 71
18 72
18 76
18 77
18 79
18 85
18 86
18 87
18 88
18 89
18 91
18 94
18 96
18 97
18 98
18 99
18 100
18 101
18 102
19 2
19 11
19 13
19 16
19 21
19 28
19 29
19 31
19 32
19 40
19 41
19 44
19 45
19 46
19 59
19 61
19 63
19 70
19 74
19 80
19 90
19 92
19 95
20 1
20 3
20 6
20 7
20 8
20 9
20 12
20 14
20 18
20 24
20 25
20 30
20 33
20 34
20 35
20 38
20 39
20 43
20 47
20 48
20 50
20 51
20 53
20 54
20 55
20 56
20 57
20 58
20 62
20 64
20 66
20 67
20 68
20 69
20 71
20 72
20 76
20 77
20 79
20 85
20 86
20 87
20 88
20 89
20 91
20 94
20 96
20 97
20 98
20 99
20 100
20 101
20 102
21 2
21 4
21 5
21 10
21 11
21 13
21 16
21 19
21 22
21 26
21 28
21 31
21 32
21 36
21 37
21 40
21 41
21 42
21 44
21 45
21 46
21 52
21 59
21 60
21 61
21 63
21 70
21 73
21 74
21 80
21 81
21 90
21 92
21 93
21 95
22 2
22 4
22 5
22 10
22 11
22 13
22 16
22 21
22 26
22 28
22 31
22 32
22 36
22 37
22 40
22 41
22 44
22 45
22 46
22 52
22 59
22 60
22 61
22 70
22 73
22 74
22 80
22 81
22 90
22 92
22 93
22 95
24 1
24 3
24 6
24 7
24 8
24 9
24 12
24 14
24 18
24 20
24 25
24 30
24 33
24 34
24 35
24 38
24 39
24 43
24 47
24 48
24 50
24 51
24 53
24 54
24 55
24 56
24 57
24 58
24 62
24 64
24 66
24 67
24 68
24 69
24 71
24 72
24 76
24 77
24 79
24 85
24 86
24 87
24 88
24 89
24 91
24 94
24 96
24 97
24 98
24 99
24 100
24 101
24 102
25 1
25 3
25 6
25 7
25 8
25 9
25 12
25 14
25 18
25 20
25 24
25 30
25 33
25 34
25 35
25 38
25 39
25 43
25 47
25 48
25 50
25 51
25 53
25 54
25 55
25 56
25 57
25 58
25 62
25 64
25 66
25 67
25 68
25 69
25 71
25 72
25 76
25 77
25 79
25 85
25 86
25 87
25 88
25 89
25 91
25 94
25 96
25 97
25 98
25 99
25 100
25 101
25 102
26 2
26 4
26 5
26 10
26 11
26 13
26 16
26 21
26 22
26 28
26 31
26 32
26 36
26 37
26 40
26 41
26 44
26 45
26 46
26 52
26 59
26 60
26 61
26 63
26 70
26 73
26 74
26 80
26 81
26 90
26 92
26 93
26 95
27 17
27 49
27 82
27 84
27 106
27 107
27 108
28 2
28 4
28 5
28 10
28 11
28 13
28 16
28 19
28 21
28 22
28 26
28 29
28 31
28 32
28 36
28 37
28 40
28 41
28 42
28 44
28 45
28 46
28 52
28 59
28 60
28 61
28 63
28 70
28 73
28 74
28 75
28 78
28 80
28 81
28 90
28 92
28 93
28 95
29 13
29 19
29 28
29 59
29 63
29 65
29 75
29 78
30 1
30 3
30 6
30 7
30 8
30 9
30 12
30 14
30 15
30 18
30 20
30 24
30 25
30 33
30 34
30 35
30 38
30 39
30 43
30 47
30 48
30 50
30 51
30 53
30 54
30 55
30 56
30 57
30 58
30 62
30 64
30 66
30 67
30 68
30 69
30 71
30 72
30 76
30 77
30 79
30 85
30 86
30 87
30 88
30 89
30 91
30 94
30 96
30 97
30 98
30 99
30 100
30 101
30 102
31 2
31 4
31 5
31 10
31 11
31 13
31 16
31 19
31 21
31 22
31 26
31 28
31 32
31 36
31 37
31 40
31 41
31 42
31 44
31 45
31 46
31 52
31 59
31 60
31 61
31 63
31 70
31 73
31 74
31 80
31 81
31 90
31 92
31 93
31 95
32 2
32 4
32 5
32 10
32 11
32 13
32 16
32 19
32 21
32 22
32 26
32 28
32 31
32 36
32 37
32 40
32 41
32 42
32 44
32 45
32 46
32 52
32 59
32 60
32 61
32 63
32 70
32 73
32 74
32 80
32 81
32 90
32 92
32 93
32 95
33 1
33 3
33 6
33 7
33 8
33 9
33 12
33 14
33 18
33 20
33 24
33 25
33 30
33 34
33 35
33 38
33 39
33 43
33 47
33 48
33 50
33 51
33 53
33 54
33 55
33 56
33 57
33 58
33 62
33 64
33 66
33 67
33 68
33 69
33 71
33 72
33 76
33 77
33 79
33 85
33 86
33 87
33 88
33 89
33 91
33 94
33 96
33 97
33 98
33 99
33 100
33 101
33 102
34 1
34 3
34 6
34 7
34 8
34 9
34 12
34 14
34 18
34 20
34 24
34 25
34 30
34 33
34 35
34 38
34 39
34 43
34 47
34 48
34 50
34 51
34 53
34 54
34 55
34 56
34 57
34 58
34 62
34 64
34 66
34 67
34 68
34 69
34 71
34 72
34 76
34 77
34 79
34 85
34 86
34 87
34 88
34 89
34 91
34 94
34 96
34 97
34 98
34 99
34 100
34 101
34 102
35 1
35 3
35 6
35 7
35 8
35 9
35 12
35 14
35 18
35 20
35 24
35 25
35 30
35 33
35 34
35 38
35 39
35 43
35 47
35 48
35 50
35 51
35 53
35 54
35 55
35 56
35 57
35 58
35 62
35 64
35 66
35 67
35 68
35 69
35 71
35 72
35 76
35 77
35 79
35 85
35 86
35 87
35 88
35 89
35 91
35 94
35 96
35 97
35 98
35 99
35 100
35 101
35 102
36 2
36 4
36 5
36 10
36 11
36 13
36 16
36 21
36 22
36 26
36 28
36 31
36 32
36 37
36 40
36 41
36 42
36 44
36 45
36 46
36 52
36 59
36 60
36 61
36 70
36 73
36 74
36 80
36 81
36 90
36 92
36 93
36 95
37 2
37 4
37 5
37 10
37 11
37 13
37 16
37 21
37 22
37 26
37 28
37 31
37 32
37 36
37 40
37 41
37 42
37 44
37 45
37 46
37 52
37 59
37 60
37 61
37 63
37 70
37 73
37 74
37 80
37 81
37 90
37 92
37 93
37 95
38 1
38 3
38 6
38 7
38 8
38 9
38 12
38 14
38 18
38 20
38 24
38 25
38 30
38 33
38 34
38 35
38 39
38 43
38 47
38 48
38 50
38 51
38 53
38 54
38 55
38 56
38 57
38 58
38 62
38 64
38 66
38 67
38 68
38 69
38 71
38 72
38 76
38 77
38 79
38 85
38 86
38 87
38 88
38 89
38 91
38 94
38 96
38 97
38 98
38 99
38 100
38 101
38 102
39 1
39 3
39 6
39 7
39 8
39 9
39 12
39 14
39 18
39 20
39 24
39 25
39 30
39 33
39 34
39 35
39 38
39 43
39 47
39 48
39 50
39 51
39 53
39 54
39 55
39 56
39 57
39 58
39 62
39 64
39 66
39 67
39 68
39 69
39 71
39 72
39 76
39 77
39 79
39 85
39 86
39 87
39 88
39 89
39 91
39 94
39 96
39 97
39 98
39 99
39 100
39 101
39 102
40 2
40 4
40 5
40 10
40 11
40 13
40 16
40 19
40 21
40 22
40 26
40 28
40 31
40 32
40 36
40 37
40 41
40 42
40 44
40 45
40 46
40 52
40 59
40 60
40 61
40 63
40 70
40 73
40 74
40 80
40 81
40 90
40 92
40 93
40 95
41 2
41 4
41 5
41 10
41 11
41 13
41 16
41 19
41 21
41 22
41 26
41 28
41 31
41 32
41 36
41 37
41 40
41 42
41 44
41 45
41 46
41 52
41 59
41 60
41 61
41 63
41 70
41 73
41 74
41 75
41 80
41 81
41 90
41 92
41 93
41 95
42 2
42 10
42 11
42 13
42 21
42 28
42 31
42 32
42 36
42 37
42 40
42 41
42 44
42 45
42 52
42 59
42 60
42 61
42 73
42 74
42 80
42 81
42 90
42 92
42 93
42 95
43 1
43 3
43 6
43 7
43 8
43 9
43 12
43 14
43 18
43 20
43 24
43 25
43 30
43 33
43 34
43 35
43 38
43 39
43 47
43 48
43 50
43 51
43 53
43 54
43 55
43 56
43 57
43 58
43 62
43 64
43 66
43 67
43 68
43 69
43 71
43 72
43 76
43 77
43 79
43 85
43 86
43 87
43 88
43 89
43 91
43 94
43 96
43 97
43 98
43 99
43 100
43 101
43 102
44 2
44 4
44 5
44 10
44 11
44 13
44 16
44 19
44 21
44 22
44 26
44 28
44 31
44 32
44 36
44 37
44 40
44 41
44 42
44 45
44 46
44 52
44 59
44 60
44 61
44 63
44 70
44 73
44 74
44 75
44 80
44 81
44 90
44 92
44 93
44 95
45 2
45 4
45 5
45 10
45 11
45 13
45 16
45 19
45 21
45 22
45 26
45 28
45 31
45 32
45 36
45 37
45 40
45 41
45 42
45 44
45 46
45 52
45 59
45 60
45 61
45 63
45 70
45 73
45 74
45 80
45 81
45 90
45 92
45 93
45 95
46 2
46 4
46 5
46 10
46 11
46 13
46 16
46 19
46 21
46 22
46 26
46 28
46 31
46 32
46 36
46 37
46 40
46 41
46 44
46 45
46 52
46 59
46 60
46 61
46 70
46 73
46 74
46 80
46 81
46 90
46 92
46 93
46 95
47 1
47 3
47 6
47 7
47 8
47 9
47 12
47 14
47 18
47 20
47 24
47 25
47 30
47 33
47 34
47 35
47 38
47 39
47 43
47 48
47 50
47 51
47 53
47 54
47 55
47 56
47 57
47 58
47 62
47 64
47 66
47 67
47 68
47 69
47 71
47 72
47 76
47 77
47 79
47 85
47 86
47 87
47 88
47 89
47 91
47 94
47 96
47 97
47 98
47 99
47 100
47 101
47 102
48 1
48 3
48 6
48 7
48 8
48 9
48 12
48 14
48 18
48 20
48 24
48 25
48 30
48 33
48 34
48 35
48 38
48 39
48 43
48 47
48 50
48 51
48 53
48 54
48 55
48 56
48 57
48 58
48 62
48 64
48 66
48 67
48 68
48 69
48 71
48 72
48 76
48 77
48 79
48 85
48 86
48 87
48 88
48 89
48 91
48 94
48 96
48 97
48 98
48 99
48 100
48 101
48 102
49 17
49 27
49 82
49 84
49 106
49 107
49 108
50 1
50 3
50 6
50 7
50 8
50 9
50 12
50 14
50 18
50 20
50 24
50 25
50 30
50 33
50 34
50 35
50 38
50 39
50 43
50 47
50 48
50 51
50 53
50 54
50 55
50 56
50 57
50 58
50 62
50 64
50 66
50 67
50 68
50 69
50 71
50 72
50 76
50 77
50 79
50 85
50 86
50 87
50 88
50 89
50 91
50 94
50 96
50 97
50 98
50 99
50 100
50 101
50 102
51 1
51 3
51 6
51 7
51 8
51 9
51 12
51 14
51 15
51 18
51 20
51 24
51 25
51 30
51 33
51 34
51 35
51 38
51 39
51 43
51 47
51 48
51 50
51 53
51 54
51 55
51 56
51 57
51 58
51 62
51 64
51 66
51 67
51 68
51 69
51 71
51 72
51 76
51 77
51 79
51 85
51 86
51 87
51 88
51 89
51 91
51 94
51 96
51 97
51 98
51 99
51 100
51 101
51 102
52 2
52 4
52 5
52 10
52 11
52 13
52 16
52 21
52 22
52 26
52 28
52 31
52 32
52 36
52 37
52 40
52 41
52 42
52 44
52 45
52 46
52 59
52 60
52 61
52 70
52 73
52 74
52 80
52 81
52 90
52 92
52 93
52 95
53 1
53 3
53 6
53 7
53 8
53 9
53 12
53 14
53 18
53 20
53 24
53 25
53 30
53 33
53 34
53 35
53 38
53 39
53 43
53 47
53 48
53 50
53 51
53 54
53 55
53 56
53 57
53 58
53 62
53 64
53 66
53 67
53 68
53 69
53 71
53 72
53 76
53 77
53 79
53 85
53 86
53 87
53 88
53 89
53 91
53 94
53 96
53 97
53 98
53 99
53 100
53 101
53 102
54 1
54 3
54 6
54 7
54 8
54 9
54 12
54 14
54 18
54 20
54 24
54 25
54 30
54 33
54 34
54 35
54 38
54 39
54 43
54 47
54 48
54 50
54 51
54 53
54 55
54 56
54 57
54 58
54 62
54 64
54 66
54 67
54 68
54 69
54 71
54 72
54 76
54 77
54 79
54 85
54 86
54 87
54 88
54 89
54 91
54 94
54 96
54 97
54 98
54 99
54 100
54 101
54 102
55 1
55 3
55 6
55 7
55 8
55 9
55 12
55 14
55 18
55 20
55 24
55 25
55 30
55 33
55 34
55 35
55 38
55 39
55 43
55 47
55 48
55 50
55 51
55 53
55 54
55 56
55 57
55 58
55 62
55 64
55 66
55 67
55 68
55 69
55 71
55 72
55 76
55 77
55 79
55 85
55 86
55 87
55 88
55 89
55 91
55 94
55 96
55 97
55 98
55 99
55 100
55 101
55 102
56 1
56 3
56 6
56 7
56 8
56 9
56 12
56 14
56 18
56 20
56 24
56 25
56 30
56 33
56 34
56 35
56 38
56 39
56 43
56 47
56 48
56 50
56 51
56 53
56 54
56 55
56 57
56 58
56 62
56 64
56 66
56 67
56 68
56 69
56 71
56 72
56 76
56 77
56 79
56 85
56 86
56 87
56 88
56 89
56 91
56 94
56 96
56 97
56 98
56 99
56 100
56 101
56 102
57 1
57 3
57 6
57 7
57 8
57 9
57 12
57 14
57 18
57 20
57 24
57 25
57 30
57 33
57 34
57 35
57 38
57 39
57 43
57 47
57 48
57 50
57 51
57 53
57 54
57 55
57 56
57 58
57 62
57 64
57 66
57 67
57 68
57 69
57 71
57 72
57 76
57 77
57 79
57 85
57 86
57 87
57 88
57 89
57 91
57 94
57 96
57 97
57 98
57 99
57 100
57 101
57 102
58 1
58 3
58 6
58 7
58 8
58 9
58 12
58 14
58 15
58 18
58 20
58 24
58 25
58 30
58 33
58 34
58 35
58 38
58 39
58 43
58 47
58 48
58 50
58 51
58 53
58 54
58 55
58 56
58 57
58 62
58 64
58 65
58 66
58 67
58 68
58 69
58 71
58 72
58 76
58 77
58 79
58 85
58 86
58 87
58 88
58 89
58 91
58 94
58 96
58 97
58 98
58 99
58 100
58 101
58 102
59 2
59 4
59 5
59 10
59 11
59 13
59 16
59 19
59 21
59 22
59 26
59 28
59 29
59 31
59 32
59 36
59 37
59 40
59 41
59 42
59 44
59 45
59 46
59 52
59 60
59 61
59 63
59 70
59 73
59 74
59 75
59 78
59 80
59 81
59 90
59 92
59 93
59 95
60 2
60 4
60 5
60 10
60 11
60 13
60 16
60 21
60 22
60 26
60 28
60 31
60 32
60 36
60 37
60 40
60 41
60 42
60 44
60 45
60 46
60 52
60 59
60 61
60 63
60 70
60 73
60 74
60 80
60 81
60 90
60 92
60 93
60 95
61 2
61 4
61 5
61 10
61 11
61 13
61 16
61 19
61 21
61 22
61 26
61 28
61 31
61 32
61 36
61 37
61 40
61 41
61 42
61 44
61 45
61 46
61 52
61 59
61 60
61 63
61 70
61 73
61 74
61 80
61 81
61 90
61 92
61 93
61 95
62 1
62 3
62 6
62 7
62 8
62 9
62 12
62 14
62 18
62 20
62 24
62 25
62 30
62 33
62 34
62 35
62 38
62 39
62 43
62 47
62 48
62 50
62 51
62 53
62 54
62 55
62 56
62 57
62 58
62 64
62 66
62 67
62 68
62 69
62 71
62 72
62 76
62 77
62 79
62 85
62 86
62 87
62 88
62 89
62 91
62 94
62 96
62 97
62 98
62 99
62 100
62 101
62 102
63 2
63 10
63 11
63 13
63 16
63 19
63 21
63 26
63 28
63 29
63 31
63 32
63 37
63 40
63 41
63 44
63 45
63 59
63 60
63 61
63 70
63 74
63 75
63 78
63 80
63 90
63 92
63 93
63 95
64 1
64 3
64 6
64 7
64 8
64 9
64 12
64 14
64 18
64 20
64 24
64 25
64 30
64 33
64 34
64 35
64 38
64 39
64 43
64 47
64 48
64 50
64 51
64 53
64 54
64 55
64 56
64 57
64 58
64 62
64 66
64 67
64 68
64 69
64 71
64 72
64 76
64 77
64 79
64 85
64 86
64 87
64 88
64 89
64 91
64 94
64 96
64 97
64 98
64 99
64 100
64 101
64 102
65 14
65 29
65 58
65 67
65 85
65 87
65 91
65 97
66 1
66 3
66 6
66 7
66 8
66 9
66 12
66 14
66 15
66 18
66 20
66 24
66 25
66 30
66 33
66 34
66 35
66 38
66 39
66 43
66 47
66 48
66 50
66 51
66 53
66 54
66 55
66 56
66 57
66 58
66 62
66 64
66 67
66 68
66 69
66 71
66 72
66 76
66 77
66 79
66 85
66 86
66 87
66 88
66 89
66 91
66 94
66 96
66 97
66 98
66 99
66 100
66 101
66 102
67 1
67 3
67 6
67 7
67 8
67 9
67 12
67 14
67 15
67 18
67 20
67 24
67 25
67 30
67 33
67 34
67 35
67 38
67 39
67 43
67 47
67 48
67 50
67 51
67 53
67 54
67 55
67 56
67 57
67 58
67 62
67 64
67 65
67 66
67 68
67 69
67 71
67 72
67 76
67 77
67 79
67 85
67 86
67 87
67 88
67 89
67 91
67 94
67 96
67 97
67 98
67 99
67 100
67 101
67 102
68 1
68 3
68 6
68 7
68 8
68 9
68 12
68 14
68 18
68 20
68 24
68 25
68 30
68 33
68 34
68 35
68 38
68 39
68 43
68 47
68 48
68 50
68 51
68 53
68 54
68 55
68 56
68 57
68 58
68 62
68 64
68 66
68 67
68 69
68 71
68 72
68 76
68 77
68 79
68 85
68 86
68 87
68 88
68 89
68 91
68 94
68 96
68 97
68 98
68 99
68 100
68 101
68 102
69 1
69 3
69 6
69 7
69 8
69 9
69 12
69 14
69 18
69 20
69 24
69 25
69 30
69 33
69 34
69 35
69 38
69 39
69 43
69 47
69 48
69 50
69 51
69 53
69 54
69 55
69 56
69 57
69 58
69 62
69 64
69 66
69 67
69 68
69 71
69 72
69 76
69 77
69 79
69 85
69 86
69 87
69 88
69 89
69 91
69 94
69 96
69 97
69 98
69 99
69 100
69 101
69 102
70 2
70 4
70 5
70 10
70 11
70 13
70 16
70 19
70 21
70 22
70 26
70 28
70 31
70 32
70 36
70 37
70 40
70 41
70 44
70 45
70 46
70 52
70 59
70 60
70 61
70 63
70 73
70 74
70 80
70 81
70 90
70 92
70 93
70 95
71 1
71 3
71 6
71 7
71 8
71 9
71 12
71 14
71 18
71 20
71 24
71 25
71 30
71 33
71 34
71 35
71 38
71 39
71 43
71 47
71 48
71 50
71 51
71 53
71 54
71 55
71 56
71 57
71 58
71 62
71 64
71 66
71 67
71 68
71 69
71 72
71 76
71 77
71 79
71 85
71 87
71 88
71 89
71 91
71 94
71 96
71 97
71 98
71 99
71 100
71 101
71 102
72 1
72 3
72 6
72 7
72 8
72 9
72 12
72 14
72 18
72 20
72 24
72 25
72 30
72 33
72 34
72 35
72 38
72 39
72 43
72 47
72 48
72 50
72 51
72 53
72 54
72 55
72 56
72 57
72 58
72 62
72 64
72 66
72 67
72 68
72 69
72 71
72 76
72 77
72 79
72 85
72 86
72 87
72 88
72 89
72 91
72 94
72 96
72 97
72 98
72 99
72 100
72 101
72 102
73 2
73 4
73 5
73 10
73 11
73 13
73 16
73 21
73 22
73 26
73 28
73 31
73 32
73 36
73 37
73 40
73 41
73 42
73 44
73 45
73 46
73 52
73 59
73 60
73 61
73 70
73 74
73 80
73 81
73 90
73 92
73 93
73 95
74 2
74 4
74 5
74 10
74 11
74 13
74 16
74 19
74 21
74 22
74 26
74 28
74 31
74 32
74 36
74 37
74 40
74 41
74 42
74 44
74 45
74 46
74 52
74 59
74 60
74 61
74 63
74 70
74 73
74 80
74 81
74 90
74 92
74 93
74 95
75 13
75 28
75 29
75 41
75 44
75 59
75 63
75 78
76 1
76 3
76 6
76 7
76 8
76 9
76 12
76 14
76 18
76 20
76 24
76 25
76 30
76 33
76 34
76 35
76 38
76 39
76 43
76 47
76 48
76 50
76 51
76 53
76 54
76 55
76 56
76 57
76 58
76 62
76 64
76 66
76 67
76 68
76 69
76 71
76 72
76 77
76 79
76 85
76 87
76 88
76 89
76 91
76 94
76 96
76 97
76 98
76 99
76 100
76 101
76 102
77 1
77 3
77 6
77 7
77 8
77 9
77 12
77 14
77 18
77 20
77 24
77 25
77 30
77 33
77 34
77 35
77 38
77 39
77 43
77 47
77 48
77 50
77 51
77 53
77 54
77 55
77 56
77 57
77 58
77 62
77 64
77 66
77 67
77 68
77 69
77 71
77 72
77 76
77 79
77 85
77 86
77 87
77 88
77 89
77 91
77 94
77 96
77 97
77 98
77 99
77 100
77 101
77 102
78 13
78 28
78 29
78 59
78 63
78 75
79 1
79 3
79 6
79 7
79 8
79 9
79 12
79 14
79 18
79 20
79 24
79 25
79 30
79 33
79 34
79 35
79 38
79 39
79 43
79 47
79 48
79 50
79 51
79 53
79 54
79 55
79 56
79 57
79 58
79 62
79 64
79 66
79 67
79 68
79 69
79 71
79 72
79 76
79 77
79 85
79 86
79 87
79 88
79 89
79 91
79 94
79 96
79 97
79 98
79 99
79 100
79 101
79 102
80 2
80 4
80 5
80 10
80 11
80 13
80 16
80 19
80 21
80 22
80 26
80 28
80 31
80 32
80 36
80 37
80 40
80 41
80 42
80 44
80 45
80 46
80 52
80 59
80 60
80 61
80 63
80 70
80 73
80 74
80 81
80 90
80 92
80 93
80 95
81 2
81 4
81 5
81 10
81 11
81 13
81 16
81 21
81 22
81 26
81 28
81 31
81 32
81 36
81 37
81 40
81 41
81 42
81 44
81 45
81 46
81 52
81 59
81 60
81 61
81 70
81 73
81 74
81 80
81 90
81 92
81 93
81 95
82 17
82 27
82 49
82 84
82 106
82 107
82 108
84 17
84 27
84 49
84 82
84 106
84 107
84 108
85 1
85 3
85 6
85 7
85 8
85 9
85 12
85 14
85 15
85 18
85 20
85 24
85 25
85 30
85 33
85 34
85 35
85 38
85 39
85 43
85 47
85 48
85 50
85 51
85 53
85 54
85 55
85 56
85 57
85 58
85 62
85 64
85 65
85 66
85 67
85 68
85 69
85 71
85 72
85 76
85 77
85 79
85 86
85 87
85 88
85 89
85 91
85 94
85 96
85 97
85 98
85 99
85 100
85 101
85 102
86 1
86 3
86 6
86 7
86 8
86 9
86 12
86 14
86 15
86 18
86 20
86 24
86 25
86 30
86 33
86 34
86 35
86 38
86 39
86 43
86 47
86 48
86 50
86 51
86 53
86 54
86 55
86 56
86 57
86 58
86 62
86 64
86 66
86 67
86 68
86 69
86 72
86 77
86 79
86 85
86 87
86 88
86 89
86 91
86 94
86 96
86 97
86 98
86 99
86 100
86 101
86 102
87 1
87 3
87 6
87 7
87 8
87 9
87 12
87 14
87 15
87 18
87 20
87 24
87 25
87 30
87 33
87 34
87 35
87 38
87 39
87 43
87 47
87 48
87 50
87 51
87 53
87 54
87 55
87 56
87 57
87 58
87 62
87 64
87 65
87 66
87 67
87 68
87 69
87 71
87 72
87 76
87 77
87 79
87 85
87 86
87 88
87 89
87 91
87 94
87 96
87 97
87 98
87 99
87 100
87 101
87 102
88 1
88 3
88 6
88 7
88 8
88 9
88 12
88 14
88 18
88 20
88 24
88 25
88 30
88 33
88 34
88 35
88 38
88 39
88 43
88 47
88 48
88 50
88 51
88 53
88 54
88 55
88 56
88 57
88 58
88 62
88 64
88 66
88 67
88 68
88 69
88 71
88 72
88 76
88 77
88 79
88 85
88 86
88 87
88 89
88 91
88 94
88 96
88 97
88 98
88 99
88 100
88 101
88 102
89 1
89 3
89 6
89 7
89 8
89 9
89 12
89 14
89 18
89 20
89 24
89 25
89 30
89 33
89 34
89 35
89 38
89 39
89 43
89 47
89 48
89 50
89 51
89 53
89 54
89 55
89 56
89 57
89 58
89 62
89 64
89 66
89 67
89 68
89 69
89 71
89 72
89 76
89 77
89 79
89 85
89 86
89 87
89 88
89 91
89 94
89 96
89 97
89 98
89 99
89 100
89 101
89 102
90 2
90 4
90 5
90 10
90 11
90 13
90 16
90 19
90 21
90 22
90 26
90 28
90 31
90 32
90 36
90 37
90 40
90 41
90 42
90 44
90 45
90 46
90 52
90 59
90 60
90 61
90 63
90 70
90 73
90 74
90 80
90 81
90 92
90 93
90 95
91 1
91 3
91 6
91 7
91 8
91 9
91 12
91 14
91 15
91 18
91 20
91 24
91 25
91 30
91 33
91 34
91 35
91 38
91 39
91 43
91 47
91 48
91 50
91 51
91 53
91 54
91 55
91 56
91 57
91 58
91 62
91 64
91 65
91 66
91 67
91 68
91 69
91 71
91 72
91 76
91 77
91 79
91 85
91 86
91 87
91 88
91 89
91 94
91 96
91 97
91 98
91 99
91 100
91 101
91 102
92 2
92 4
92 5
92 10
92 11
92 13
92 16
92 19
92 21
92 22
92 26
92 28
92 31
92 32
92 36
92 37
92 40
92 41
92 42
92 44
92 45
92 46
92 52
92 59
92 60
92 61
92 63
92 70
92 73
92 74
92 80
92 81
92 90
92 93
92 95
93 2
93 4
93 5
93 10
93 11
93 13
93 16
93 21
93 22
93 26
93 28
93 31
93 32
93 36
93 37
93 40
93 41
93 42
93 44
93 45
93 46
93 52
93 59
93 60
93 61
93 63
93 70
93 73
93 74
93 80
93 81
93 90
93 92
93 95
94 1
94 3
94 6
94 7
94 8
94 9
94 12
94 14
94 15
94 18
94 20
94 24
94 25
94 30
94 33
94 34
94 35
94 38
94 39
94 43
94 47
94 48
94 50
94 51
94 53
94 54
94 55
94 56
94 57
94 58
94 62
94 64
94 66
94 67
94 68
94 69
94 71
94 72
94 76
94 77
94 79
94 85
94 86
94 87
94 88
94 89
94 91
94 96
94 97
94 98
94 99
94 100
94 101
94 102
95 2
95 4
95 5
95 10
95 11
95 13
95 16
95 19
95 21
95 22
95 26
95 28
95 31
95 32
95 36
95 37
95 40
95 41
95 42
95 44
95 45
95 46
95 52
95 59
95 60
95 61
95 63
95 70
95 73
95 74
95 80
95 81
95 90
95 92
95 93
96 1
96 3
96 6
96 7
96 8
96 9
96 12
96 14
96 18
96 20
96 24
96 25
96 30
96 33
96 34
96 35
96 38
96 39
96 43
96 47
96 48
96 50
96 51
96 53
96 54
96 55
96 56
96 57
96 58
96 62
96 64
96 66
96 67
96 68
96 69
96 71
96 72
96 76
96 77
96 79
96 85
96 86
96 87
96 88
96 89
96 91
96 94
96 97
96 98
96 99
96 100
96 101
96 102
97 1
97 3
97 6
97 7
97 8
97 9
97 12
97 14
97 15
97 18
97 20
97 24
97 25
97 30
97 33
97 34
97 35
97 38
97 39
97 43
97 47
97 48
97 50
97 51
97 53
97 54
97 55
97 56
97 57
97 58
97 62
97 64
97 65
97 66
97 67
97 68
97 69
97 71
97 72
97 76
97 77
97 79
97 85
97 86
97 87
97 88
97 89
97 91
97 94
97 96
97 98
97 99
97 100
97 101
97 102
98 1
98 3
98 6
98 7
98 8
98 9
98 12
98 14
98 18
98 20
98 24
98 25
98 30
98 33
98 34
98 35
98 38
98 39
98 43
98 47
98 48
98 50
98 51
98 53
98 54
98 55
98 56
98 57
98 58
98 62
98 64
98 66
98 67
98 68
98 69
98 71
98 72
98 76
98 77
98 79
98 85
98 86
98 87
98 88
98 89
98 91
98 94
98 96
98 97
98 99
98 100
98 101
98 102
99 1
99 3
99 6
99 7
99 8
99 9
99 12
99 14
99 18
99 20
99 24
99 25
99 30
99 33
99 34
99 35
99 38
99 39
99 43
99 47
99 48
99 50
99 51
99 53
99 54
99 55
99 56
99 57
99 58
99 62
99 64
99 66
99 67
99 68
99 69
99 71
99 72
99 76
99 77
99 79
99 85
99 86
99 87
99 88
99 89
99 91
99 94
99 96
99 97
99 98
99 100
99 101
99 102
100 1
100 3
100 6
100 7
100 8
100 9
100 12
100 14
100 18
100 20
100 24
100 25
100 30
100 33
100 34
100 35
100 38
100 39
100 43
100 47
100 48
100 50
100 51
100 53
100 54
100 55
100 56
100 57
100 58
100 62
100 64
100 66
100 67
100 68
100 69
100 71
100 72
100 76
100 77
100 79
100 85
100 86
100 87
100 88
100 89
100 91
100 94
100 96
100 97
100 98
100 99
100 101
100 102
101 1
101 3
101 6
101 7
101 8
101 9
101 12
101 14
101 18
101 20
101 24
101 25
101 30
101 33
101 34
101 35
101 38
101 39
101 43
101 47
101 48
101 50
101 51
101 53
101 54
101 55
101 56
101 57
101 58
101 62
101 64
101 66
101 67
101 68
101 69
101 71
101 72
101 76
101 77
101 79
101 85
101 86
101 87
101 88
101 89
101 91
101 94
101 96
101 97
101 98
101 99
101 100
101 102
102 1
102 3
102 6
102 7
102 8
102 9
102 12
102 14
102 15
102 18
102 20
102 24
102 25
102 30
102 33
102 34
102 35
102 38
102 39
102 43
102 47
102 48
102 50
102 51
102 53
102 54
102 55
102 56
102 57
102 58
102 62
102 64
102 66
102 67
102 68
102 69
102 71
102 72
102 76
102 77
102 79
102 85
102 86
102 87
102 88
102 89
102 91
102 94
102 96
102 97
102 98
102 99
102 100
102 101
104 105
105 104
106 17
106 27
106 49
106 82
106 84
106 107
106 108
107 17
107 27
107 49
107 82
107 84
107 106
107 108
108 17
108 27
108 49
108 82
108 84
108 106
108 107
