1 3
1 6
1 7
1 8
1 9
1 12
1 13
1 14
1 15
1 18
1 19
1 20
1 23
1 24
1 25
1 28
1 29
1 30
1 33
1 34
1 35
1 38
1 39
1 43
1 47
1 48
1 50
1 51
1 53
1 54
1 55
1 56
1 57
1 58
1 59
1 62
1 63
1 64
1 65
1 66
1 67
1 68
1 69
1 71
1 72
1 75
1 76
1 77
1 78
1 79
1 85
1 86
1 87
1 88
1 89
1 91
1 94
1 96
1 97
1 98
1 99
1 100
1 101
1 102
1 103
2 4
2 5
2 10
2 11
2 13
2 15
2 16
2 19
2 21
2 22
2 26
2 28
2 29
2 31
2 32
2 36
2 37
2 38
2 40
2 41
2 42
2 44
2 45
2 46
2 52
2 58
2 59
2 60
2 61
2 63
2 65
2 67
2 70
2 73
2 74
2 75
2 76
2 78
2 80
2 81
2 83
2 86
2 90
2 91
2 92
2 93
2 95
2 104
2 105
3 1
3 6
3 7
3 8
3 9
3 12
3 13
3 14
3 15
3 18
3 19
3 20
3 23
3 24
3 25
3 28
3 29
3 30
3 33
3 34
3 35
3 38
3 39
3 42
3 43
3 47
3 48
3 50
3 51
3 53
3 54
3 55
3 56
3 57
3 58
3 59
3 62
3 63
3 64
3 65
3 66
3 67
3 68
3 69
3 71
3 72
3 75
3 76
3 77
3 78
3 79
3 85
3 86
3 87
3 88
3 89
3 91
3 94
3 96
3 97
3 98
3 99
3 100
3 101
3 102
3 103
4 2
4 5
4 10
4 11
4 13
4 15
4 16
4 19
4 21
4 22
4 26
4 28
4 29
4 31
4 32
4 36
4 37
4 38
4 40
4 41
4 42
4 44
4 45
4 46
4 52
4 58
4 59
4 60
4 61
4 63
4 65
4 70
4 73
4 74
4 75
4 78
4 80
4 81
4 86
4 90
4 92
4 93
4 95
4 104
5 2
5 4
5 10
5 11
5 13
5 15
5 16
5 19
5 21
5 22
5 26
5 28
5 29
5 31
5 32
5 36
5 37
5 38
5 40
5 41
5 42
5 44
5 45
5 46
5 52
5 57
5 58
5 59
5 60
5 61
5 63
5 65
5 67
5 70
5 73
5 74
5 75
5 76
5 78
5 80
5 81
5 83
5 85
5 86
5 90
5 91
5 92
5 93
5 95
5 97
5 102
5 104
6 1
6 3
6 7
6 8
6 9
6 12
6 13
6 14
6 15
6 16
6 18
6 19
6 20
6 23
6 24
6 25
6 28
6 29
6 30
6 33
6 34
6 35
6 38
6 39
6 42
6 43
6 47
6 48
6 50
6 51
6 53
6 54
6 55
6 56
6 57
6 58
6 59
6 62
6 63
6 64
6 65
6 66
6 67
6 68
6 69
6 71
6 72
6 74
6 75
6 76
6 77
6 78
6 79
6 85
6 86
6 87
6 88
6 89
6 90
6 91
6 94
6 96
6 97
6 98
6 99
6 100
6 101
6 102
6 103
7 1
7 3
7 6
7 8
7 9
7 12
7 13
7 14
7 15
7 18
7 19
7 20
7 23
7 24
7 25
7 28
7 29
7 30
7 33
7 34
7 35
7 38
7 39
7 43
7 47
7 48
7 50
7 51
7 53
7 54
7 55
7 56
7 57
7 58
7 59
7 62
7 63
7 64
7 65
7 66
7 67
7 68
7 69
7 71
7 72
7 75
7 76
7 77
7 78
7 79
7 85
7 86
7 87
7 88
7 89
7 91
7 94
7 96
7 97
7 98
7 99
7 100
7 101
7 102
7 103
8 1
8 3
8 6
8 7
8 9
8 11
8 12
8 13
8 14
8 15
8 16
8 18
8 19
8 20
8 23
8 24
8 25
8 28
8 29
8 30
8 33
8 34
8 35
8 38
8 39
8 41
8 42
8 43
8 44
8 47
8 48
8 50
8 51
8 53
8 54
8 55
8 56
8 57
8 58
8 59
8 62
8 63
8 64
8 65
8 66
8 67
8 68
8 69
8 71
8 72
8 74
8 75
8 76
8 77
8 78
8 79
8 85
8 86
8 87
8 88
8 89
8 90
8 91
8 93
8 94
8 96
8 97
8 98
8 99
8 100
8 101
8 102
8 103
9 1
9 3
9 6
9 7
9 8
9 12
9 13
9 14
9 15
9 16
9 18
9 19
9 20
9 23
9 24
9 25
9 28
9 29
9 30
9 33
9 34
9 35
9 38
9 39
9 42
9 43
9 47
9 48
9 50
9 51
9 53
9 54
9 55
9 56
9 57
9 58
9 59
9 62
9 63
9 64
9 65
9 66
9 67
9 68
9 69
9 71
9 72
9 74
9 75
9 76
9 77
9 78
9 79
9 85
9 86
9 87
9 88
9 89
9 90
9 91
9 94
9 96
9 97
9 98
9 99
9 100
9 101
9 102
9 103
10 2
10 4
10 5
10 11
10 13
10 15
10 16
10 19
10 21
10 22
10 26
10 28
10 29
10 31
10 32
10 36
10 37
10 38
10 40
10 41
10 42
10 44
10 45
10 46
10 52
10 58
10 59
10 60
10 61
10 63
10 65
10 67
10 70
10 73
10 74
10 75
10 76
10 78
10 80
10 81
10 83
10 85
10 86
10 90
10 91
10 92
10 93
10 95
10 104
10 105
11 2
11 4
11 5
11 8
11 10
11 13
11 14
11 15
11 16
11 19
11 21
11 22
11 24
11 25
11 26
11 28
11 29
11 30
11 31
11 32
11 34
11 36
11 37
11 38
11 40
11 41
11 42
11 44
11 45
11 46
11 51
11 52
11 53
11 57
11 58
11 59
11 60
11 61
11 63
11 65
11 66
11 67
11 69
11 70
11 73
11 74
11 75
11 76
11 78
11 80
11 81
11 83
11 85
11 86
11 87
11 90
11 91
11 92
11 93
11 94
11 95
11 96
11 97
11 99
11 102
11 104
11 105
12 1
12 3
12 6
12 7
12 8
12 9
12 13
12 14
12 15
12 16
12 18
12 19
12 20
12 23
12 24
12 25
12 28
12 29
12 30
12 33
12 34
12 35
12 38
12 39
12 42
12 43
12 47
12 48
12 50
12 51
12 53
12 54
12 55
12 56
12 57
12 58
12 59
12 62
12 63
12 64
12 65
12 66
12 67
12 68
12 69
12 71
12 72
12 74
12 75
12 76
12 77
12 78
12 79
12 85
12 86
12 87
12 88
12 89
12 91
12 94
12 96
12 97
12 98
12 99
12 100
12 101
12 102
12 103
13 1
13 2
13 3
13 4
13 5
13 6
13 7
13 8
13 9
13 10
13 11
13 12
13 14
13 15
13 16
13 18
13 19
13 20
13 21
13 22
13 24
13 25
13 26
13 28
13 29
13 30
13 31
13 32
13 33
13 34
13 35
13 36
13 37
13 38
13 39
13 40
13 41
13 42
13 43
13 44
13 45
13 46
13 47
13 48
13 50
13 51
13 52
13 53
13 54
13 55
13 56
13 57
13 58
13 59
13 60
13 61
13 62
13 63
13 64
13 65
13 66
13 67
13 68
13 69
13 70
13 71
13 72
13 73
13 74
13 75
13 76
13 77
13 78
13 79
13 80
13 81
13 83
13 85
13 86
13 87
13 88
13 89
13 90
13 91
13 92
13 93
13 94
13 95
13 96
13 97
13 98
13 99
13 100
13 101
13 102
13 104
13 105
14 1
14 3
14 6
14 7
14 8
14 9
14 11
14 12
14 13
14 15
14 16
14 18
14 19
14 20
14 21
14 23
14 24
14 25
14 28
14 29
14 30
14 33
14 34
14 35
14 38
14 39
14 41
14 42
14 43
14 44
14 45
14 47
14 48
14 50
14 51
14 53
14 54
14 55
14 56
14 57
14 58
14 59
14 61
14 62
14 63
14 64
14 65
14 66
14 67
14 68
14 69
14 71
14 72
14 74
14 75
14 76
14 77
14 78
14 79
14 85
14 86
14 87
14 88
14 89
14 90
14 91
14 93
14 94
14 96
14 97
14 98
14 99
14 100
14 101
14 102
14 103
15 1
15 2
15 3
15 4
15 5
15 6
15 7
15 8
15 9
15 10
15 11
15 12
15 13
15 14
15 16
15 18
15 19
15 20
15 21
15 22
15 23
15 24
15 25
15 26
15 28
15 29
15 30
15 31
15 32
15 33
15 34
15 35
15 36
15 37
15 38
15 39
15 40
15 41
15 42
15 43
15 44
15 45
15 46
15 47
15 48
15 50
15 51
15 52
15 53
15 54
15 55
15 56
15 57
15 58
15 59
15 60
15 61
15 62
15 63
15 64
15 65
15 66
15 67
15 68
15 69
15 70
15 71
15 72
15 73
15 74
15 75
15 76
15 77
15 78
15 79
15 80
15 81
15 85
15 86
15 87
15 88
15 89
15 90
15 91
15 92
15 93
15 94
15 95
15 96
15 97
15 98
15 99
15 100
15 101
15 102
15 103
16 2
16 4
16 5
16 6
16 8
16 9
16 10
16 11
16 12
16 13
16 14
16 15
16 18
16 19
16 20
16 21
16 22
16 24
16 25
16 26
16 28
16 29
16 30
16 31
16 32
16 33
16 34
16 36
16 37
16 38
16 39
16 40
16 41
16 42
16 44
16 45
16 46
16 48
16 51
16 52
16 53
16 57
16 58
16 59
16 60
16 61
16 63
16 64
16 65
16 66
16 67
16 69
16 70
16 72
16 73
16 74
16 75
16 76
16 77
16 78
16 79
16 80
16 81
16 83
16 85
16 86
16 87
16 88
16 90
16 91
16 92
16 93
16 94
16 95
16 96
16 97
16 99
16 102
16 104
16 105
17 23
17 27
17 49
17 82
17 83
17 84
17 103
17 104
17 105
17 106
17 107
17 108
18 1
18 3
18 6
18 7
18 8
18 9
18 12
18 13
18 14
18 15
18 16
18 19
18 20
18 23
18 24
18 25
18 28
18 29
18 30
18 33
18 34
18 35
18 38
18 39
18 42
18 43
18 47
18 48
18 50
18 51
18 53
18 54
18 55
18 56
18 57
18 58
18 59
18 62
18 63
18 64
18 65
18 66
18 67
18 68
18 69
18 71
18 72
18 74
18 75
18 76
18 77
18 78
18 79
18 85
18 86
18 87
18 88
18 89
18 90
18 91
18 94
18 96
18 97
18 98
18 99
18 100
18 101
18 102
18 103
19 1
19 2
19 3
19 4
19 5
19 6
19 7
19 8
19 9
19 10
19 11
19 12
19 13
19 14
19 15
19 16
19 18
19 20
19 21
19 22
19 24
19 25
19 26
19 28
19 29
19 30
19 31
19 32
19 33
19 34
19 35
19 36
19 37
19 38
19 39
19 40
19 41
19 42
19 43
19 44
19 45
19 46
19 47
19 48
19 50
19 51
19 52
19 53
19 54
19 55
19 56
19 57
19 58
19 59
19 60
19 61
19 62
19 63
19 64
19 65
19 66
19 67
19 68
19 69
19 70
19 71
19 72
19 73
19 74
19 75
19 76
19 77
19 78
19 79
19 80
19 81
19 83
19 85
19 86
19 87
19 88
19 89
19 90
19 91
19 92
19 93
19 94
19 95
19 96
19 97
19 98
19 99
19 100
19 101
19 102
19 104
19 105
20 1
20 3
20 6
20 7
20 8
20 9
20 12
20 13
20 14
20 15
20 16
20 18
20 19
20 23
20 24
20 25
20 28
20 29
20 30
20 33
20 34
20 35
20 38
20 39
20 42
20 43
20 47
20 48
20 50
20 51
20 53
20 54
20 55
20 56
20 57
20 58
20 59
20 62
20 63
20 64
20 65
20 66
20 67
20 68
20 69
20 71
20 72
20 74
20 75
20 76
20 77
20 78
20 79
20 85
20 86
20 87
20 88
20 89
20 90
20 91
20 94
20 96
20 97
20 98
20 99
20 100
20 101
20 102
20 103
21 2
21 4
21 5
21 10
21 11
21 13
21 14
21 15
21 16
21 19
21 22
21 26
21 28
21 29
21 31
21 32
21 36
21 37
21 38
21 40
21 41
21 42
21 44
21 45
21 46
21 52
21 57
21 58
21 59
21 60
21 61
21 63
21 65
21 67
21 70
21 73
21 74
21 75
21 76
21 78
21 80
21 81
21 83
21 85
21 86
21 87
21 90
21 91
21 92
21 93
21 95
21 97
21 102
21 104
22 2
22 4
22 5
22 10
22 11
22 13
22 15
22 16
22 19
22 21
22 26
22 28
22 29
22 31
22 32
22 36
22 37
22 38
22 40
22 41
22 42
22 44
22 45
22 46
22 52
22 58
22 59
22 60
22 61
22 63
22 65
22 70
22 73
22 74
22 75
22 78
22 80
22 81
22 83
22 86
22 90
22 92
22 93
22 95
22 104
22 105
23 1
23 3
23 6
23 7
23 8
23 9
23 12
23 14
23 15
23 17
23 18
23 20
23 24
23 25
23 27
23 30
23 33
23 34
23 35
23 38
23 39
23 43
23 47
23 48
23 49
23 50
23 51
23 53
23 54
23 55
23 56
23 57
23 58
23 62
23 64
23 65
23 66
23 67
23 68
23 69
23 71
23 72
23 76
23 77
23 79
23 82
23 83
23 84
23 85
23 86
23 87
23 88
23 89
23 91
23 94
23 96
23 97
23 98
23 99
23 100
23 101
23 102
23 106
23 107
23 108
24 1
24 3
24 6
24 7
24 8
24 9
24 11
24 12
24 13
24 14
24 15
24 16
24 18
24 19
24 20
24 23
24 25
24 28
24 29
24 30
24 33
24 34
24 35
24 38
24 39
24 41
24 42
24 43
24 44
24 47
24 48
24 50
24 51
24 53
24 54
24 55
24 56
24 57
24 58
24 59
24 62
24 63
24 64
24 65
24 66
24 67
24 68
24 69
24 71
24 72
24 74
24 75
24 76
24 77
24 78
24 79
24 85
24 86
24 87
24 88
24 89
24 90
24 91
24 94
24 96
24 97
24 98
24 99
24 100
24 101
24 102
24 103
25 1
25 3
25 6
25 7
25 8
25 9
25 11
25 12
25 13
25 14
25 15
25 16
25 18
25 19
25 20
25 23
25 24
25 28
25 29
25 30
25 33
25 34
25 35
25 38
25 39
25 42
25 43
25 44
25 47
25 48
25 50
25 51
25 53
25 54
25 55
25 56
25 57
25 58
25 59
25 62
25 63
25 64
25 65
25 66
25 67
25 68
25 69
25 71
25 72
25 74
25 75
25 76
25 77
25 78
25 79
25 85
25 86
25 87
25 88
25 89
25 90
25 91
25 93
25 94
25 96
25 97
25 98
25 99
25 100
25 101
25 102
25 103
26 2
26 4
26 5
26 10
26 11
26 13
26 15
26 16
26 19
26 21
26 22
26 28
26 29
26 31
26 32
26 36
26 37
26 38
26 40
26 41
26 42
26 44
26 45
26 46
26 52
26 58
26 59
26 60
26 61
26 63
26 65
26 70
26 73
26 74
26 75
26 76
26 78
26 80
26 81
26 83
26 86
26 90
26 91
26 92
26 93
26 95
26 104
26 105
27 17
27 23
27 49
27 82
27 83
27 84
27 103
27 104
27 105
27 106
27 107
27 108
28 1
28 2
28 3
28 4
28 5
28 6
28 7
28 8
28 9
28 10
28 11
28 12
28 13
28 14
28 15
28 16
28 18
28 19
28 20
28 21
28 22
28 24
28 25
28 26
28 29
28 30
28 31
28 32
28 33
28 34
28 35
28 36
28 37
28 38
28 39
28 40
28 41
28 42
28 43
28 44
28 45
28 46
28 47
28 48
28 50
28 51
28 52
28 53
28 54
28 55
28 56
28 57
28 58
28 59
28 60
28 61
28 62
28 63
28 64
28 65
28 66
28 67
28 68
28 69
28 70
28 71
28 72
28 73
28 74
28 75
28 76
28 77
28 78
28 79
28 80
28 81
28 85
28 86
28 87
28 88
28 89
28 90
28 91
28 92
28 93
28 94
28 95
28 96
28 97
28 98
28 99
28 100
28 101
28 102
28 104
28 105
29 1
29 2
29 3
29 4
29 5
29 6
29 7
29 8
29 9
29 10
29 11
29 12
29 13
29 14
29 15
29 16
29 18
29 19
29 20
29 21
29 22
29 24
29 25
29 26
29 28
29 30
29 31
29 32
29 33
29 34
29 35
29 36
29 37
29 38
29 39
29 40
29 41
29 42
29 43
29 44
29 45
29 46
29 47
29 48
29 50
29 51
29 52
29 53
29 54
29 55
29 56
29 57
29 58
29 59
29 60
29 61
29 62
29 63
29 64
29 65
29 66
29 67
29 68
29 69
29 70
29 71
29 72
29 73
29 74
29 75
29 76
29 77
29 78
29 79
29 80
29 81
29 85
29 86
29 87
29 88
29 89
29 90
29 91
29 92
29 93
29 94
29 95
29 96
29 97
29 98
29 99
29 100
29 101
29 102
29 103
29 104
29 105
30 1
30 3
30 6
30 7
30 8
30 9
30 11
30 12
30 13
30 14
30 15
30 16
30 18
30 19
30 20
30 23
30 24
30 25
30 28
30 29
30 33
30 34
30 35
30 38
30 39
30 40
30 41
30 42
30 43
30 44
30 47
30 48
30 50
30 51
30 53
30 54
30 55
30 56
30 57
30 58
30 59
30 61
30 62
30 63
30 64
30 65
30 66
30 67
30 68
30 69
30 71
30 72
30 74
30 75
30 76
30 77
30 78
30 79
30 85
30 86
30 87
30 88
30 89
30 90
30 91
30 93
30 94
30 96
30 97
30 98
30 99
30 100
30 101
30 102
30 103
31 2
31 4
31 5
31 10
31 11
31 13
31 15
31 16
31 19
31 21
31 22
31 26
31 28
31 29
31 32
31 36
31 37
31 38
31 40
31 41
31 42
31 44
31 45
31 46
31 52
31 58
31 59
31 60
31 61
31 63
31 65
31 70
31 73
31 74
31 75
31 76
31 78
31 80
31 81
31 83
31 86
31 90
31 91
31 92
31 93
31 95
31 104
31 105
32 2
32 4
32 5
32 10
32 11
32 13
32 15
32 16
32 19
32 21
32 22
32 26
32 28
32 29
32 31
32 36
32 37
32 38
32 40
32 41
32 42
32 44
32 45
32 46
32 52
32 58
32 59
32 60
32 61
32 63
32 65
32 66
32 67
32 70
32 73
32 74
32 75
32 76
32 78
32 80
32 81
32 83
32 85
32 86
32 87
32 90
32 91
32 92
32 93
32 95
32 97
32 102
32 104
32 105
33 1
33 3
33 6
33 7
33 8
33 9
33 12
33 13
33 14
33 15
33 16
33 18
33 19
33 20
33 23
33 24
33 25
33 28
33 29
33 30
33 34
33 35
33 38
33 39
33 43
33 47
33 48
33 50
33 51
33 53
33 54
33 55
33 56
33 57
33 58
33 59
33 62
33 63
33 64
33 65
33 66
33 67
33 68
33 69
33 71
33 72
33 75
33 76
33 77
33 78
33 79
33 85
33 86
33 87
33 88
33 89
33 91
33 94
33 96
33 97
33 98
33 99
33 100
33 101
33 102
33 103
34 1
34 3
34 6
34 7
34 8
34 9
34 11
34 12
34 13
34 14
34 15
34 16
34 18
34 19
34 20
34 23
34 24
34 25
34 28
34 29
34 30
34 33
34 35
34 38
34 39
34 41
34 42
34 43
34 44
34 47
34 48
34 50
34 51
34 53
34 54
34 55
34 56
34 57
34 58
34 59
34 62
34 63
34 64
34 65
34 66
34 67
34 68
34 69
34 71
34 72
34 74
34 75
34 76
34 77
34 78
34 79
34 85
34 86
34 87
34 88
34 89
34 90
34 91
34 93
34 94
34 96
34 97
34 98
34 99
34 100
34 101
34 102
34 103
35 1
35 3
35 6
35 7
35 8
35 9
35 12
35 13
35 14
35 15
35 18
35 19
35 20
35 23
35 24
35 25
35 28
35 29
35 30
35 33
35 34
35 38
35 39
35 43
35 47
35 48
35 50
35 51
35 53
35 54
35 55
35 56
35 57
35 58
35 59
35 62
35 63
35 64
35 65
35 66
35 67
35 68
35 69
35 71
35 72
35 75
35 76
35 77
35 78
35 79
35 85
35 86
35 87
35 88
35 89
35 91
35 94
35 96
35 97
35 98
35 99
35 100
35 101
35 102
35 103
36 2
36 4
36 5
36 10
36 11
36 13
36 15
36 16
36 19
36 21
36 22
36 26
36 28
36 29
36 31
36 32
36 37
36 38
36 40
36 41
36 42
36 44
36 45
36 46
36 52
36 58
36 59
36 60
36 61
36 63
36 65
36 70
36 73
36 74
36 75
36 76
36 78
36 80
36 81
36 86
36 90
36 91
36 92
36 93
36 95
36 104
36 105
37 2
37 4
37 5
37 10
37 11
37 13
37 15
37 16
37 19
37 21
37 22
37 26
37 28
37 29
37 31
37 32
37 36
37 38
37 40
37 41
37 42
37 44
37 45
37 46
37 52
37 58
37 59
37 60
37 61
37 63
37 65
37 70
37 73
37 74
37 75
37 76
37 78
37 80
37 81
37 83
37 86
37 90
37 91
37 92
37 93
37 95
37 104
37 105
38 1
38 2
38 3
38 4
38 5
38 6
38 7
38 8
38 9
38 10
38 11
38 12
38 13
38 14
38 15
38 16
38 18
38 19
38 20
38 21
38 22
38 23
38 24
38 25
38 26
38 28
38 29
38 30
38 31
38 32
38 33
38 34
38 35
38 36
38 37
38 39
38 40
38 41
38 42
38 43
38 44
38 45
38 46
38 47
38 48
38 50
38 51
38 52
38 53
38 54
38 55
38 56
38 57
38 58
38 59
38 60
38 61
38 62
38 63
38 64
38 65
38 66
38 67
38 68
38 69
38 70
38 71
38 72
38 73
38 74
38 75
38 76
38 77
38 78
38 79
38 80
38 81
38 85
38 86
38 87
38 88
38 89
38 90
38 91
38 92
38 93
38 94
38 95
38 96
38 97
38 98
38 99
38 100
38 101
38 102
38 103
39 1
39 3
39 6
39 7
39 8
39 9
39 12
39 13
39 14
39 15
39 16
39 18
39 19
39 20
39 23
39 24
39 25
39 28
39 29
39 30
39 33
39 34
39 35
39 38
39 42
39 43
39 47
39 48
39 50
39 51
39 53
39 54
39 55
39 56
39 57
39 58
39 59
39 62
39 63
39 64
39 65
39 66
39 67
39 68
39 69
39 71
39 72
39 74
39 75
39 76
39 77
39 78
39 79
39 85
39 86
39 87
39 88
39 89
39 90
39 91
39 94
39 96
39 97
39 98
39 99
39 100
39 101
39 102
39 103
40 2
40 4
40 5
40 10
40 11
40 13
40 15
40 16
40 19
40 21
40 22
40 26
40 28
40 29
40 30
40 31
40 32
40 36
40 37
40 38
40 41
40 42
40 44
40 45
40 46
40 52
40 57
40 58
40 59
40 60
40 61
40 63
40 65
40 66
40 67
40 70
40 73
40 74
40 75
40 76
40 78
40 80
40 81
40 83
40 85
40 86
40 87
40 90
40 91
40 92
40 93
40 95
40 97
40 102
40 104
40 105
41 2
41 4
41 5
41 8
41 10
41 11
41 13
41 14
41 15
41 16
41 19
41 21
41 22
41 24
41 26
41 28
41 29
41 30
41 31
41 32
41 34
41 36
41 37
41 38
41 40
41 42
41 44
41 45
41 46
41 51
41 52
41 53
41 57
41 58
41 59
41 60
41 61
41 63
41 65
41 66
41 67
41 70
41 73
41 74
41 75
41 76
41 78
41 80
41 81
41 85
41 86
41 87
41 90
41 91
41 92
41 93
41 94
41 95
41 97
41 99
41 102
41 104
41 105
42 2
42 3
42 4
42 5
42 6
42 8
42 9
42 10
42 11
42 12
42 13
42 14
42 15
42 16
42 18
42 19
42 20
42 21
42 22
42 24
42 25
42 26
42 28
42 29
42 30
42 31
42 32
42 34
42 36
42 37
42 38
42 39
42 40
42 41
42 44
42 45
42 46
42 47
42 48
42 50
42 51
42 52
42 53
42 54
42 56
42 57
42 58
42 59
42 60
42 61
42 63
42 64
42 65
42 66
42 67
42 68
42 69
42 70
42 72
42 73
42 74
42 75
42 76
42 77
42 78
42 79
42 80
42 81
42 83
42 85
42 86
42 87
42 88
42 90
42 91
42 92
42 93
42 94
42 95
42 96
42 97
42 98
42 99
42 100
42 101
42 102
42 104
42 105
43 1
43 3
43 6
43 7
43 8
43 9
43 12
43 13
43 14
43 15
43 18
43 19
43 20
43 23
43 24
43 25
43 28
43 29
43 30
43 33
43 34
43 35
43 38
43 39
43 47
43 48
43 50
43 51
43 53
43 54
43 55
43 56
43 57
43 58
43 59
43 62
43 63
43 64
43 65
43 66
43 67
43 68
43 69
43 71
43 72
43 75
43 76
43 77
43 78
43 79
43 85
43 86
43 87
43 88
43 89
43 91
43 94
43 96
43 97
43 98
43 99
43 100
43 101
43 102
43 103
44 2
44 4
44 5
44 8
44 10
44 11
44 13
44 14
44 15
44 16
44 19
44 21
44 22
44 24
44 25
44 26
44 28
44 29
44 30
44 31
44 32
44 34
44 36
44 37
44 38
44 40
44 41
44 42
44 45
44 46
44 51
44 52
44 53
44 57
44 58
44 59
44 60
44 61
44 63
44 64
44 65
44 66
44 67
44 69
44 70
44 73
44 74
44 75
44 76
44 78
44 80
44 81
44 83
44 85
44 86
44 87
44 88
44 90
44 91
44 92
44 93
44 94
44 95
44 96
44 97
44 99
44 102
44 104
44 105
45 2
45 4
45 5
45 10
45 11
45 13
45 14
45 15
45 16
45 19
45 21
45 22
45 26
45 28
45 29
45 31
45 32
45 36
45 37
45 38
45 40
45 41
45 42
45 44
45 46
45 52
45 58
45 59
45 60
45 61
45 63
45 65
45 66
45 67
45 70
45 73
45 74
45 75
45 76
45 78
45 80
45 81
45 83
45 85
45 86
45 87
45 90
45 91
45 92
45 93
45 94
45 95
45 97
45 102
45 104
45 105
46 2
46 4
46 5
46 10
46 11
46 13
46 15
46 16
46 19
46 21
46 22
46 26
46 28
46 29
46 31
46 32
46 36
46 37
46 38
46 40
46 41
46 42
46 44
46 45
46 52
46 58
46 59
46 60
46 61
46 63
46 65
46 70
46 73
46 74
46 75
46 76
46 78
46 80
46 81
46 83
46 86
46 90
46 91
46 92
46 93
46 95
46 104
46 105
47 1
47 3
47 6
47 7
47 8
47 9
47 12
47 13
47 14
47 15
47 18
47 19
47 20
47 23
47 24
47 25
47 28
47 29
47 30
47 33
47 34
47 35
47 38
47 39
47 42
47 43
47 48
47 50
47 51
47 53
47 54
47 55
47 56
47 57
47 58
47 59
47 62
47 63
47 64
47 65
47 66
47 67
47 68
47 69
47 71
47 72
47 75
47 76
47 77
47 78
47 79
47 85
47 86
47 87
47 88
47 89
47 91
47 94
47 96
47 97
47 98
47 99
47 100
47 101
47 102
47 103
48 1
48 3
48 6
48 7
48 8
48 9
48 12
48 13
48 14
48 15
48 16
48 18
48 19
48 20
48 23
48 24
48 25
48 28
48 29
48 30
48 33
48 34
48 35
48 38
48 39
48 42
48 43
48 47
48 50
48 51
48 53
48 54
48 55
48 56
48 57
48 58
48 59
48 62
48 63
48 64
48 65
48 66
48 67
48 68
48 69
48 71
48 72
48 74
48 75
48 76
48 77
48 78
48 79
48 85
48 86
48 87
48 88
48 89
48 90
48 91
48 94
48 96
48 97
48 98
48 99
48 100
48 101
48 102
48 103
49 17
49 23
49 27
49 82
49 83
49 84
49 104
49 105
49 106
49 107
49 108
50 1
50 3
50 6
50 7
50 8
50 9
50 12
50 13
50 14
50 15
50 18
50 19
50 20
50 23
50 24
50 25
50 28
50 29
50 30
50 33
50 34
50 35
50 38
50 39
50 42
50 43
50 47
50 48
50 51
50 53
50 54
50 55
50 56
50 57
50 58
50 59
50 62
50 63
50 64
50 65
50 66
50 67
50 68
50 69
50 71
50 72
50 75
50 76
50 77
50 78
50 79
50 85
50 86
50 87
50 88
50 89
50 91
50 94
50 96
50 97
50 98
50 99
50 100
50 101
50 102
50 103
51 1
51 3
51 6
51 7
51 8
51 9
51 11
51 12
51 13
51 14
51 15
51 16
51 18
51 19
51 20
51 23
51 24
51 25
51 28
51 29
51 30
51 33
51 34
51 35
51 38
51 39
51 41
51 42
51 43
51 44
51 47
51 48
51 50
51 53
51 54
51 55
51 56
51 57
51 58
51 59
51 62
51 63
51 64
51 65
51 66
51 67
51 68
51 69
51 71
51 72
51 74
51 75
51 76
51 77
51 78
51 79
51 85
51 86
51 87
51 88
51 89
51 90
51 91
51 93
51 94
51 96
51 97
51 98
51 99
51 100
51 101
51 102
51 103
52 2
52 4
52 5
52 10
52 11
52 13
52 15
52 16
52 19
52 21
52 22
52 26
52 28
52 29
52 31
52 32
52 36
52 37
52 38
52 40
52 41
52 42
52 44
52 45
52 46
52 58
52 59
52 60
52 61
52 63
52 65
52 70
52 73
52 74
52 75
52 76
52 78
52 80
52 81
52 86
52 90
52 91
52 92
52 93
52 95
52 104
52 105
53 1
53 3
53 6
53 7
53 8
53 9
53 11
53 12
53 13
53 14
53 15
53 16
53 18
53 19
53 20
53 23
53 24
53 25
53 28
53 29
53 30
53 33
53 34
53 35
53 38
53 39
53 41
53 42
53 43
53 44
53 47
53 48
53 50
53 51
53 54
53 55
53 56
53 57
53 58
53 59
53 62
53 63
53 64
53 65
53 66
53 67
53 68
53 69
53 71
53 72
53 74
53 75
53 76
53 77
53 78
53 79
53 85
53 86
53 87
53 88
53 89
53 90
53 91
53 93
53 94
53 96
53 97
53 98
53 99
53 100
53 101
53 102
53 103
54 1
54 3
54 6
54 7
54 8
54 9
54 12
54 13
54 14
54 15
54 18
54 19
54 20
54 23
54 24
54 25
54 28
54 29
54 30
54 33
54 34
54 35
54 38
54 39
54 42
54 43
54 47
54 48
54 50
54 51
54 53
54 55
54 56
54 57
54 58
54 59
54 62
54 63
54 64
54 65
54 66
54 67
54 68
54 69
54 71
54 72
54 75
54 76
54 77
54 78
54 79
54 85
54 86
54 87
54 88
54 89
54 91
54 94
54 96
54 97
54 98
54 99
54 100
54 101
54 102
54 103
55 1
55 3
55 6
55 7
55 8
55 9
55 12
55 13
55 14
55 15
55 18
55 19
55 20
55 23
55 24
55 25
55 28
55 29
55 30
55 33
55 34
55 35
55 38
55 39
55 43
55 47
55 48
55 50
55 51
55 53
55 54
55 56
55 57
55 58
55 59
55 62
55 63
55 64
55 65
55 66
55 67
55 68
55 69
55 71
55 72
55 75
55 76
55 77
55 78
55 79
55 85
55 86
55 87
55 88
55 89
55 91
55 94
55 96
55 97
55 98
55 99
55 100
55 101
55 102
55 103
56 1
56 3
56 6
56 7
56 8
56 9
56 12
56 13
56 14
56 15
56 18
56 19
56 20
56 23
56 24
56 25
56 28
56 29
56 30
56 33
56 34
56 35
56 38
56 39
56 42
56 43
56 47
56 48
56 50
56 51
56 53
56 54
56 55
56 57
56 58
56 59
56 62
56 63
56 64
56 65
56 66
56 67
56 68
56 69
56 71
56 72
56 75
56 76
56 77
56 78
56 79
56 85
56 86
56 87
56 88
56 89
56 91
56 94
56 96
56 97
56 98
56 99
56 100
56 101
56 102
56 103
57 1
57 3
57 5
57 6
57 7
57 8
57 9
57 11
57 12
57 13
57 14
57 15
57 16
57 18
57 19
57 20
57 21
57 23
57 24
57 25
57 28
57 29
57 30
57 33
57 34
57 35
57 38
57 39
57 40
57 41
57 42
57 43
57 44
57 47
57 48
57 50
57 51
57 53
57 54
57 55
57 56
57 58
57 59
57 61
57 62
57 63
57 64
57 65
57 66
57 67
57 68
57 69
57 70
57 71
57 72
57 74
57 75
57 76
57 77
57 78
57 79
57 85
57 86
57 87
57 88
57 89
57 90
57 91
57 93
57 94
57 96
57 97
57 98
57 99
57 100
57 101
57 102
57 103
58 1
58 2
58 3
58 4
58 5
58 6
58 7
58 8
58 9
58 10
58 11
58 12
58 13
58 14
58 15
58 16
58 18
58 19
58 20
58 21
58 22
58 23
58 24
58 25
58 26
58 28
58 29
58 30
58 31
58 32
58 33
58 34
58 35
58 36
58 37
58 38
58 39
58 40
58 41
58 42
58 43
58 44
58 45
58 46
58 47
58 48
58 50
58 51
58 52
58 53
58 54
58 55
58 56
58 57
58 59
58 60
58 61
58 62
58 63
58 64
58 65
58 66
58 67
58 68
58 69
58 70
58 71
58 72
58 73
58 74
58 75
58 76
58 77
58 78
58 79
58 80
58 81
58 85
58 86
58 87
58 88
58 89
58 90
58 91
58 92
58 93
58 94
58 95
58 96
58 97
58 98
58 99
58 100
58 101
58 102
58 103
59 1
59 2
59 3
59 4
59 5
59 6
59 7
59 8
59 9
59 10
59 11
59 12
59 13
59 14
59 15
59 16
59 18
59 19
59 20
59 21
59 22
59 24
59 25
59 26
59 28
59 29
59 30
59 31
59 32
59 33
59 34
59 35
59 36
59 37
59 38
59 39
59 40
59 41
59 42
59 43
59 44
59 45
59 46
59 47
59 48
59 50
59 51
59 52
59 53
59 54
59 55
59 56
59 57
59 58
59 60
59 61
59 62
59 63
59 64
59 65
59 66
59 67
59 68
59 69
59 70
59 71
59 72
59 73
59 74
59 75
59 76
59 77
59 78
59 79
59 80
59 81
59 85
59 86
59 87
59 88
59 89
59 90
59 91
59 92
59 93
59 94
59 95
59 96
59 97
59 98
59 99
59 100
59 101
59 102
59 104
59 105
60 2
60 4
60 5
60 10
60 11
60 13
60 15
60 16
60 19
60 21
60 22
60 26
60 28
60 29
60 31
60 32
60 36
60 37
60 38
60 40
60 41
60 42
60 44
60 45
60 46
60 52
60 58
60 59
60 61
60 63
60 65
60 70
60 73
60 74
60 75
60 76
60 78
60 80
60 81
60 86
60 90
60 91
60 92
60 93
60 95
60 104
60 105
61 2
61 4
61 5
61 10
61 11
61 13
61 14
61 15
61 16
61 19
61 21
61 22
61 26
61 28
61 29
61 30
61 31
61 32
61 36
61 37
61 38
61 40
61 41
61 42
61 44
61 45
61 46
61 52
61 57
61 58
61 59
61 60
61 63
61 65
61 67
61 70
61 73
61 74
61 75
61 76
61 78
61 80
61 81
61 85
61 86
61 87
61 90
61 91
61 92
61 93
61 94
61 95
61 97
61 102
61 104
61 105
62 1
62 3
62 6
62 7
62 8
62 9
62 12
62 13
62 14
62 15
62 18
62 19
62 20
62 23
62 24
62 25
62 28
62 29
62 30
62 33
62 34
62 35
62 38
62 39
62 43
62 47
62 48
62 50
62 51
62 53
62 54
62 55
62 56
62 57
62 58
62 59
62 63
62 64
62 65
62 66
62 67
62 68
62 69
62 71
62 72
62 75
62 76
62 77
62 78
62 79
62 85
62 86
62 87
62 88
62 89
62 91
62 94
62 96
62 97
62 98
62 99
62 100
62 101
62 102
62 103
63 1
63 2
63 3
63 4
63 5
63 6
63 7
63 8
63 9
63 10
63 11
63 12
63 13
63 14
63 15
63 16
63 18
63 19
63 20
63 21
63 22
63 24
63 25
63 26
63 28
63 29
63 30
63 31
63 32
63 33
63 34
63 35
63 36
63 37
63 38
63 39
63 40
63 41
63 42
63 43
63 44
63 45
63 46
63 47
63 48
63 50
63 51
63 52
63 53
63 54
63 55
63 56
63 57
63 58
63 59
63 60
63 61
63 62
63 64
63 65
63 66
63 67
63 68
63 69
63 70
63 71
63 72
63 73
63 74
63 75
63 76
63 77
63 78
63 79
63 80
63 81
63 83
63 85
63 86
63 87
63 88
63 89
63 90
63 91
63 92
63 93
63 94
63 95
63 96
63 97
63 98
63 99
63 100
63 101
63 102
63 104
63 105
64 1
64 3
64 6
64 7
64 8
64 9
64 12
64 13
64 14
64 15
64 16
64 18
64 19
64 20
64 23
64 24
64 25
64 28
64 29
64 30
64 33
64 34
64 35
64 38
64 39
64 42
64 43
64 44
64 47
64 48
64 50
64 51
64 53
64 54
64 55
64 56
64 57
64 58
64 59
64 62
64 63
64 65
64 66
64 67
64 68
64 69
64 71
64 72
64 74
64 75
64 76
64 77
64 78
64 79
64 85
64 86
64 87
64 88
64 89
64 90
64 91
64 94
64 96
64 97
64 98
64 99
64 100
64 101
64 102
64 103
65 1
65 2
65 3
65 4
65 5
65 6
65 7
65 8
65 9
65 10
65 11
65 12
65 13
65 14
65 15
65 16
65 18
65 19
65 20
65 21
65 22
65 23
65 24
65 25
65 26
65 28
65 29
65 30
65 31
65 32
65 33
65 34
65 35
65 36
65 37
65 38
65 39
65 40
65 41
65 42
65 43
65 44
65 45
65 46
65 47
65 48
65 50
65 51
65 52
65 53
65 54
65 55
65 56
65 57
65 58
65 59
65 60
65 61
65 62
65 63
65 64
65 66
65 67
65 68
65 69
65 70
65 71
65 72
65 73
65 74
65 75
65 76
65 77
65 78
65 79
65 80
65 81
65 85
65 86
65 87
65 88
65 89
65 90
65 91
65 92
65 93
65 94
65 95
65 96
65 97
65 98
65 99
65 100
65 101
65 102
65 103
65 104
66 1
66 3
66 6
66 7
66 8
66 9
66 11
66 12
66 13
66 14
66 15
66 16
66 18
66 19
66 20
66 23
66 24
66 25
66 28
66 29
66 30
66 32
66 33
66 34
66 35
66 38
66 39
66 40
66 41
66 42
66 43
66 44
66 45
66 47
66 48
66 50
66 51
66 53
66 54
66 55
66 56
66 57
66 58
66 59
66 62
66 63
66 64
66 65
66 67
66 68
66 69
66 71
66 72
66 74
66 75
66 76
66 77
66 78
66 79
66 85
66 86
66 87
66 88
66 89
66 90
66 91
66 93
66 94
66 95
66 96
66 97
66 98
66 99
66 100
66 101
66 102
66 103
67 1
67 2
67 3
67 5
67 6
67 7
67 8
67 9
67 10
67 11
67 12
67 13
67 14
67 15
67 16
67 18
67 19
67 20
67 21
67 23
67 24
67 25
67 28
67 29
67 30
67 32
67 33
67 34
67 35
67 38
67 39
67 40
67 41
67 42
67 43
67 44
67 45
67 47
67 48
67 50
67 51
67 53
67 54
67 55
67 56
67 57
67 58
67 59
67 61
67 62
67 63
67 64
67 65
67 66
67 68
67 69
67 70
67 71
67 72
67 74
67 75
67 76
67 77
67 78
67 79
67 80
67 85
67 86
67 87
67 88
67 89
67 90
67 91
67 93
67 94
67 95
67 96
67 97
67 98
67 99
67 100
67 101
67 102
67 103
68 1
68 3
68 6
68 7
68 8
68 9
68 12
68 13
68 14
68 15
68 18
68 19
68 20
68 23
68 24
68 25
68 28
68 29
68 30
68 33
68 34
68 35
68 38
68 39
68 42
68 43
68 47
68 48
68 50
68 51
68 53
68 54
68 55
68 56
68 57
68 58
68 59
68 62
68 63
68 64
68 65
68 66
68 67
68 69
68 71
68 72
68 75
68 76
68 77
68 78
68 79
68 85
68 86
68 87
68 88
68 89
68 91
68 94
68 96
68 97
68 98
68 99
68 100
68 101
68 102
68 103
69 1
69 3
69 6
69 7
69 8
69 9
69 11
69 12
69 13
69 14
69 15
69 16
69 18
69 19
69 20
69 23
69 24
69 25
69 28
69 29
69 30
69 33
69 34
69 35
69 38
69 39
69 42
69 43
69 44
69 47
69 48
69 50
69 51
69 53
69 54
69 55
69 56
69 57
69 58
69 59
69 62
69 63
69 64
69 65
69 66
69 67
69 68
69 71
69 72
69 74
69 75
69 76
69 77
69 78
69 79
69 85
69 86
69 87
69 88
69 89
69 90
69 91
69 94
69 96
69 97
69 98
69 99
69 100
69 101
69 102
69 103
70 2
70 4
70 5
70 10
70 11
70 13
70 15
70 16
70 19
70 21
70 22
70 26
70 28
70 29
70 31
70 32
70 36
70 37
70 38
70 40
70 41
70 42
70 44
70 45
70 46
70 52
70 57
70 58
70 59
70 60
70 61
70 63
70 65
70 67
70 73
70 74
70 75
70 76
70 78
70 80
70 81
70 83
70 85
70 86
70 87
70 90
70 91
70 92
70 93
70 94
70 95
70 97
70 102
70 104
70 105
71 1
71 3
71 6
71 7
71 8
71 9
71 12
71 13
71 14
71 15
71 18
71 19
71 20
71 23
71 24
71 25
71 28
71 29
71 30
71 33
71 34
71 35
71 38
71 39
71 43
71 47
71 48
71 50
71 51
71 53
71 54
71 55
71 56
71 57
71 58
71 59
71 62
71 63
71 64
71 65
71 66
71 67
71 68
71 69
71 72
71 75
71 76
71 77
71 78
71 79
71 85
71 86
71 87
71 88
71 89
71 91
71 94
71 96
71 97
71 98
71 99
71 100
71 101
71 102
71 103
72 1
72 3
72 6
72 7
72 8
72 9
72 12
72 13
72 14
72 15
72 16
72 18
72 19
72 20
72 23
72 24
72 25
72 28
72 29
72 30
72 33
72 34
72 35
72 38
72 39
72 42
72 43
72 47
72 48
72 50
72 51
72 53
72 54
72 55
72 56
72 57
72 58
72 59
72 62
72 63
72 64
72 65
72 66
72 67
72 68
72 69
72 71
72 74
72 75
72 76
72 77
72 78
72 79
72 85
72 86
72 87
72 88
72 89
72 90
72 91
72 94
72 96
72 97
72 98
72 99
72 100
72 101
72 102
72 103
73 2
73 4
73 5
73 10
73 11
73 13
73 15
73 16
73 19
73 21
73 22
73 26
73 28
73 29
73 31
73 32
73 36
73 37
73 38
73 40
73 41
73 42
73 44
73 45
73 46
73 52
73 58
73 59
73 60
73 61
73 63
73 65
73 70
73 74
73 75
73 76
73 78
73 80
73 81
73 86
73 90
73 91
73 92
73 93
73 95
73 104
73 105
74 2
74 4
74 5
74 6
74 8
74 9
74 10
74 11
74 12
74 13
74 14
74 15
74 16
74 18
74 19
74 20
74 21
74 22
74 24
74 25
74 26
74 28
74 29
74 30
74 31
74 32
74 34
74 36
74 37
74 38
74 39
74 40
74 41
74 42
74 44
74 45
74 46
74 48
74 51
74 52
74 53
74 57
74 58
74 59
74 60
74 61
74 63
74 64
74 65
74 66
74 67
74 69
74 70
74 72
74 73
74 75
74 76
74 77
74 78
74 79
74 80
74 81
74 85
74 86
74 87
74 88
74 90
74 91
74 92
74 93
74 94
74 95
74 96
74 97
74 98
74 99
74 102
74 104
74 105
75 1
75 2
75 3
75 4
75 5
75 6
75 7
75 8
75 9
75 10
75 11
75 12
75 13
75 14
75 15
75 16
75 18
75 19
75 20
75 21
75 22
75 24
75 25
75 26
75 28
75 29
75 30
75 31
75 32
75 33
75 34
75 35
75 36
75 37
75 38
75 39
75 40
75 41
75 42
75 43
75 44
75 45
75 46
75 47
75 48
75 50
75 51
75 52
75 53
75 54
75 55
75 56
75 57
75 58
75 59
75 60
75 61
75 62
75 63
75 64
75 65
75 66
75 67
75 68
75 69
75 70
75 71
75 72
75 73
75 74
75 76
75 77
75 78
75 79
75 80
75 81
75 85
75 86
75 87
75 88
75 89
75 90
75 91
75 92
75 93
75 94
75 95
75 96
75 97
75 98
75 99
75 100
75 101
75 102
75 103
75 104
75 105
76 1
76 2
76 3
76 5
76 6
76 7
76 8
76 9
76 10
76 11
76 12
76 13
76 14
76 15
76 16
76 18
76 19
76 20
76 21
76 23
76 24
76 25
76 26
76 28
76 29
76 30
76 31
76 32
76 33
76 34
76 35
76 36
76 37
76 38
76 39
76 40
76 41
76 42
76 43
76 44
76 45
76 46
76 47
76 48
76 50
76 51
76 52
76 53
76 54
76 55
76 56
76 57
76 58
76 59
76 60
76 61
76 62
76 63
76 64
76 65
76 66
76 67
76 68
76 69
76 70
76 71
76 72
76 73
76 74
76 75
76 77
76 78
76 79
76 80
76 85
76 86
76 87
76 88
76 89
76 90
76 91
76 92
76 93
76 94
76 95
76 96
76 97
76 98
76 99
76 100
76 101
76 102
76 103
77 1
77 3
77 6
77 7
77 8
77 9
77 12
77 13
77 14
77 15
77 16
77 18
77 19
77 20
77 23
77 24
77 25
77 28
77 29
77 30
77 33
77 34
77 35
77 38
77 39
77 42
77 43
77 47
77 48
77 50
77 51
77 53
77 54
77 55
77 56
77 57
77 58
77 59
77 62
77 63
77 64
77 65
77 66
77 67
77 68
77 69
77 71
77 72
77 74
77 75
77 76
77 78
77 79
77 85
77 86
77 87
77 88
77 89
77 90
77 91
77 94
77 96
77 97
77 98
77 99
77 100
77 101
77 102
77 103
78 1
78 2
78 3
78 4
78 5
78 6
78 7
78 8
78 9
78 10
78 11
78 12
78 13
78 14
78 15
78 16
78 18
78 19
78 20
78 21
78 22
78 24
78 25
78 26
78 28
78 29
78 30
78 31
78 32
78 33
78 34
78 35
78 36
78 37
78 38
78 39
78 40
78 41
78 42
78 43
78 44
78 45
78 46
78 47
78 48
78 50
78 51
78 52
78 53
78 54
78 55
78 56
78 57
78 58
78 59
78 60
78 61
78 62
78 63
78 64
78 65
78 66
78 67
78 68
78 69
78 70
78 71
78 72
78 73
78 74
78 75
78 76
78 77
78 79
78 80
78 81
78 85
78 86
78 87
78 88
78 89
78 90
78 91
78 92
78 93
78 94
78 95
78 96
78 97
78 98
78 99
78 100
78 101
78 102
78 103
78 104
78 105
79 1
79 3
79 6
79 7
79 8
79 9
79 12
79 13
79 14
79 15
79 16
79 18
79 19
79 20
79 23
79 24
79 25
79 28
79 29
79 30
79 33
79 34
79 35
79 38
79 39
79 42
79 43
79 47
79 48
79 50
79 51
79 53
79 54
79 55
79 56
79 57
79 58
79 59
79 62
79 63
79 64
79 65
79 66
79 67
79 68
79 69
79 71
79 72
79 74
79 75
79 76
79 77
79 78
79 85
79 86
79 87
79 88
79 89
79 91
79 94
79 96
79 97
79 98
79 99
79 100
79 101
79 102
79 103
80 2
80 4
80 5
80 10
80 11
80 13
80 15
80 16
80 19
80 21
80 22
80 26
80 28
80 29
80 31
80 32
80 36
80 37
80 38
80 40
80 41
80 42
80 44
80 45
80 46
80 52
80 58
80 59
80 60
80 61
80 63
80 65
80 67
80 70
80 73
80 74
80 75
80 76
80 78
80 81
80 83
80 85
80 86
80 90
80 91
80 92
80 93
80 95
80 104
80 105
81 2
81 4
81 5
81 10
81 11
81 13
81 15
81 16
81 19
81 21
81 22
81 26
81 28
81 29
81 31
81 32
81 36
81 37
81 38
81 40
81 41
81 42
81 44
81 45
81 46
81 52
81 58
81 59
81 60
81 61
81 63
81 65
81 70
81 73
81 74
81 75
81 78
81 80
81 86
81 90
81 92
81 93
81 95
81 104
81 105
82 17
82 23
82 27
82 49
82 83
82 84
82 103
82 104
82 105
82 106
82 107
82 108
83 2
83 5
83 10
83 11
83 13
83 16
83 17
83 19
83 21
83 22
83 23
83 26
83 27
83 31
83 32
83 37
83 40
83 42
83 44
83 45
83 46
83 49
83 63
83 70
83 80
83 82
83 84
83 95
83 106
83 107
83 108
84 17
84 23
84 27
84 49
84 82
84 83
84 103
84 104
84 105
84 106
84 107
84 108
85 1
85 3
85 5
85 6
85 7
85 8
85 9
85 10
85 11
85 12
85 13
85 14
85 15
85 16
85 18
85 19
85 20
85 21
85 23
85 24
85 25
85 28
85 29
85 30
85 32
85 33
85 34
85 35
85 38
85 39
85 40
85 41
85 42
85 43
85 44
85 45
85 47
85 48
85 50
85 51
85 53
85 54
85 55
85 56
85 57
85 58
85 59
85 61
85 62
85 63
85 64
85 65
85 66
85 67
85 68
85 69
85 70
85 71
85 72
85 74
85 75
85 76
85 77
85 78
85 79
85 80
85 86
85 87
85 88
85 89
85 90
85 91
85 92
85 93
85 94
85 95
85 96
85 97
85 98
85 99
85 100
85 101
85 102
85 103
86 1
86 2
86 3
86 4
86 5
86 6
86 7
86 8
86 9
86 10
86 11
86 12
86 13
86 14
86 15
86 16
86 18
86 19
86 20
86 21
86 22
86 23
86 24
86 25
86 26
86 28
86 29
86 30
86 31
86 32
86 33
86 34
86 35
86 36
86 37
86 38
86 39
86 40
86 41
86 42
86 43
86 44
86 45
86 46
86 47
86 48
86 50
86 51
86 52
86 53
86 54
86 55
86 56
86 57
86 58
86 59
86 60
86 61
86 62
86 63
86 64
86 65
86 66
86 67
86 68
86 69
86 70
86 71
86 72
86 73
86 74
86 75
86 76
86 77
86 78
86 79
86 80
86 81
86 85
86 87
86 88
86 89
86 90
86 91
86 92
86 93
86 94
86 95
86 96
86 97
86 98
86 99
86 100
86 101
86 102
86 103
87 1
87 3
87 6
87 7
87 8
87 9
87 11
87 12
87 13
87 14
87 15
87 16
87 18
87 19
87 20
87 21
87 23
87 24
87 25
87 28
87 29
87 30
87 32
87 33
87 34
87 35
87 38
87 39
87 40
87 41
87 42
87 43
87 44
87 45
87 47
87 48
87 50
87 51
87 53
87 54
87 55
87 56
87 57
87 58
87 59
87 61
87 62
87 63
87 64
87 65
87 66
87 67
87 68
87 69
87 70
87 71
87 72
87 74
87 75
87 76
87 77
87 78
87 79
87 85
87 86
87 88
87 89
87 90
87 91
87 93
87 94
87 95
87 96
87 97
87 98
87 99
87 100
87 101
87 102
87 103
88 1
88 3
88 6
88 7
88 8
88 9
88 12
88 13
88 14
88 15
88 16
88 18
88 19
88 20
88 23
88 24
88 25
88 28
88 29
88 30
88 33
88 34
88 35
88 38
88 39
88 42
88 43
88 44
88 47
88 48
88 50
88 51
88 53
88 54
88 55
88 56
88 57
88 58
88 59
88 62
88 63
88 64
88 65
88 66
88 67
88 68
88 69
88 71
88 72
88 74
88 75
88 76
88 77
88 78
88 79
88 85
88 86
88 87
88 89
88 90
88 91
88 94
88 96
88 97
88 98
88 99
88 100
88 101
88 102
88 103
89 1
89 3
89 6
89 7
89 8
89 9
89 12
89 13
89 14
89 15
89 18
89 19
89 20
89 23
89 24
89 25
89 28
89 29
89 30
89 33
89 34
89 35
89 38
89 39
89 43
89 47
89 48
89 50
89 51
89 53
89 54
89 55
89 56
89 57
89 58
89 59
89 62
89 63
89 64
89 65
89 66
89 67
89 68
89 69
89 71
89 72
89 75
89 76
89 77
89 78
89 79
89 85
89 86
89 87
89 88
89 91
89 94
89 96
89 97
89 98
89 99
89 100
89 101
89 102
89 103
90 2
90 4
90 5
90 6
90 8
90 9
90 10
90 11
90 13
90 14
90 15
90 16
90 18
90 19
90 20
90 21
90 22
90 24
90 25
90 26
90 28
90 29
90 30
90 31
90 32
90 34
90 36
90 37
90 38
90 39
90 40
90 41
90 42
90 44
90 45
90 46
90 48
90 51
90 52
90 53
90 57
90 58
90 59
90 60
90 61
90 63
90 64
90 65
90 66
90 67
90 69
90 70
90 72
90 73
90 74
90 75
90 76
90 77
90 78
90 80
90 81
90 85
90 86
90 87
90 88
90 91
90 92
90 93
90 94
90 95
90 96
90 97
90 99
90 102
90 104
90 105
91 1
91 2
91 3
91 5
91 6
91 7
91 8
91 9
91 10
91 11
91 12
91 13
91 14
91 15
91 16
91 18
91 19
91 20
91 21
91 23
91 24
91 25
91 26
91 28
91 29
91 30
91 31
91 32
91 33
91 34
91 35
91 36
91 37
91 38
91 39
91 40
91 41
91 42
91 43
91 44
91 45
91 46
91 47
91 48
91 50
91 51
91 52
91 53
91 54
91 55
91 56
91 57
91 58
91 59
91 60
91 61
91 62
91 63
91 64
91 65
91 66
91 67
91 68
91 69
91 70
91 71
91 72
91 73
91 74
91 75
91 76
91 77
91 78
91 79
91 80
91 85
91 86
91 87
91 88
91 89
91 90
91 92
91 93
91 94
91 95
91 96
91 97
91 98
91 99
91 100
91 101
91 102
91 103
92 2
92 4
92 5
92 10
92 11
92 13
92 15
92 16
92 19
92 21
92 22
92 26
92 28
92 29
92 31
92 32
92 36
92 37
92 38
92 40
92 41
92 42
92 44
92 45
92 46
92 52
92 58
92 59
92 60
92 61
92 63
92 65
92 70
92 73
92 74
92 75
92 76
92 78
92 80
92 81
92 85
92 86
92 90
92 91
92 93
92 95
92 104
92 105
93 2
93 4
93 5
93 8
93 10
93 11
93 13
93 14
93 15
93 16
93 19
93 21
93 22
93 25
93 26
93 28
93 29
93 30
93 31
93 32
93 34
93 36
93 37
93 38
93 40
93 41
93 42
93 44
93 45
93 46
93 51
93 52
93 53
93 57
93 58
93 59
93 60
93 61
93 63
93 65
93 66
93 67
93 70
93 73
93 74
93 75
93 76
93 78
93 80
93 81
93 85
93 86
93 87
93 90
93 91
93 92
93 94
93 95
93 97
93 102
93 104
93 105
94 1
94 3
94 6
94 7
94 8
94 9
94 11
94 12
94 13
94 14
94 15
94 16
94 18
94 19
94 20
94 23
94 24
94 25
94 28
94 29
94 30
94 33
94 34
94 35
94 38
94 39
94 41
94 42
94 43
94 44
94 45
94 47
94 48
94 50
94 51
94 53
94 54
94 55
94 56
94 57
94 58
94 59
94 61
94 62
94 63
94 64
94 65
94 66
94 67
94 68
94 69
94 70
94 71
94 72
94 74
94 75
94 76
94 77
94 78
94 79
94 85
94 86
94 87
94 88
94 89
94 90
94 91
94 93
94 96
94 97
94 98
94 99
94 100
94 101
94 102
94 103
95 2
95 4
95 5
95 10
95 11
95 13
95 15
95 16
95 19
95 21
95 22
95 26
95 28
95 29
95 31
95 32
95 36
95 37
95 38
95 40
95 41
95 42
95 44
95 45
95 46
95 52
95 58
95 59
95 60
95 61
95 63
95 65
95 66
95 67
95 70
95 73
95 74
95 75
95 76
95 78
95 80
95 81
95 83
95 85
95 86
95 87
95 90
95 91
95 92
95 93
95 97
95 102
95 104
95 105
96 1
96 3
96 6
96 7
96 8
96 9
96 11
96 12
96 13
96 14
96 15
96 16
96 18
96 19
96 20
96 23
96 24
96 25
96 28
96 29
96 30
96 33
96 34
96 35
96 38
96 39
96 42
96 43
96 44
96 47
96 48
96 50
96 51
96 53
96 54
96 55
96 56
96 57
96 58
96 59
96 62
96 63
96 64
96 65
96 66
96 67
96 68
96 69
96 71
96 72
96 74
96 75
96 76
96 77
96 78
96 79
96 85
96 86
96 87
96 88
96 89
96 90
96 91
96 94
96 97
96 98
96 99
96 100
96 101
96 102
96 103
97 1
97 3
97 5
97 6
97 7
97 8
97 9
97 11
97 12
97 13
97 14
97 15
97 16
97 18
97 19
97 20
97 21
97 23
97 24
97 25
97 28
97 29
97 30
97 32
97 33
97 34
97 35
97 38
97 39
97 40
97 41
97 42
97 43
97 44
97 45
97 47
97 48
97 50
97 51
97 53
97 54
97 55
97 56
97 57
97 58
97 59
97 61
97 62
97 63
97 64
97 65
97 66
97 67
97 68
97 69
97 70
97 71
97 72
97 74
97 75
97 76
97 77
97 78
97 79
97 85
97 86
97 87
97 88
97 89
97 90
97 91
97 93
97 94
97 95
97 96
97 98
97 99
97 100
97 101
97 102
97 103
98 1
98 3
98 6
98 7
98 8
98 9
98 12
98 13
98 14
98 15
98 18
98 19
98 20
98 23
98 24
98 25
98 28
98 29
98 30
98 33
98 34
98 35
98 38
98 39
98 42
98 43
98 47
98 48
98 50
98 51
98 53
98 54
98 55
98 56
98 57
98 58
98 59
98 62
98 63
98 64
98 65
98 66
98 67
98 68
98 69
98 71
98 72
98 74
98 75
98 76
98 77
98 78
98 79
98 85
98 86
98 87
98 88
98 89
98 91
98 94
98 96
98 97
98 99
98 100
98 101
98 102
98 103
99 1
99 3
99 6
99 7
99 8
99 9
99 11
99 12
99 13
99 14
99 15
99 16
99 18
99 19
99 20
99 23
99 24
99 25
99 28
99 29
99 30
99 33
99 34
99 35
99 38
99 39
99 41
99 42
99 43
99 44
99 47
99 48
99 50
99 51
99 53
99 54
99 55
99 56
99 57
99 58
99 59
99 62
99 63
99 64
99 65
99 66
99 67
99 68
99 69
99 71
99 72
99 74
99 75
99 76
99 77
99 78
99 79
99 85
99 86
99 87
99 88
99 89
99 90
99 91
99 94
99 96
99 97
99 98
99 100
99 101
99 102
99 103
100 1
100 3
100 6
100 7
100 8
100 9
100 12
100 13
100 14
100 15
100 18
100 19
100 20
100 23
100 24
100 25
100 28
100 29
100 30
100 33
100 34
100 35
100 38
100 39
100 42
100 43
100 47
100 48
100 50
100 51
100 53
100 54
100 55
100 56
100 57
100 58
100 59
100 62
100 63
100 64
100 65
100 66
100 67
100 68
100 69
100 71
100 72
100 75
100 76
100 77
100 78
100 79
100 85
100 86
100 87
100 88
100 89
100 91
100 94
100 96
100 97
100 98
100 99
100 101
100 102
100 103
101 1
101 3
101 6
101 7
101 8
101 9
101 12
101 13
101 14
101 15
101 18
101 19
101 20
101 23
101 24
101 25
101 28
101 29
101 30
101 33
101 34
101 35
101 38
101 39
101 42
101 43
101 47
101 48
101 50
101 51
101 53
101 54
101 55
101 56
101 57
101 58
101 59
101 62
101 63
101 64
101 65
101 66
101 67
101 68
101 69
101 71
101 72
101 75
101 76
101 77
101 78
101 79
101 85
101 86
101 87
101 88
101 89
101 91
101 94
101 96
101 97
101 98
101 99
101 100
101 102
101 103
102 1
102 3
102 5
102 6
102 7
102 8
102 9
102 11
102 12
102 13
102 14
102 15
102 16
102 18
102 19
102 20
102 21
102 23
102 24
102 25
102 28
102 29
102 30
102 32
102 33
102 34
102 35
102 38
102 39
102 40
102 41
102 42
102 43
102 44
102 45
102 47
102 48
102 50
102 51
102 53
102 54
102 55
102 56
102 57
102 58
102 59
102 61
102 62
102 63
102 64
102 65
102 66
102 67
102 68
102 69
102 70
102 71
102 72
102 74
102 75
102 76
102 77
102 78
102 79
102 85
102 86
102 87
102 88
102 89
102 90
102 91
102 93
102 94
102 95
102 96
102 97
102 98
102 99
102 100
102 101
102 103
103 1
103 3
103 6
103 7
103 8
103 9
103 12
103 14
103 15
103 17
103 18
103 20
103 24
103 25
103 27
103 29
103 30
103 33
103 34
103 35
103 38
103 39
103 43
103 47
103 48
103 50
103 51
103 53
103 54
103 55
103 56
103 57
103 58
103 62
103 64
103 65
103 66
103 67
103 68
103 69
103 71
103 72
103 75
103 76
103 77
103 78
103 79
103 82
103 84
103 85
103 86
103 87
103 88
103 89
103 91
103 94
103 96
103 97
103 98
103 99
103 100
103 101
103 102
103 104
103 105
103 106
103 107
103 108
104 2
104 4
104 5
104 10
104 11
104 13
104 16
104 17
104 19
104 21
104 22
104 26
104 27
104 28
104 29
104 31
104 32
104 36
104 37
104 40
104 41
104 42
104 44
104 45
104 46
104 49
104 52
104 59
104 60
104 61
104 63
104 65
104 70
104 73
104 74
104 75
104 78
104 80
104 81
104 82
104 84
104 90
104 92
104 93
104 95
104 103
104 105
104 106
104 107
104 108
105 2
105 10
105 11
105 13
105 16
105 17
105 19
105 22
105 26
105 27
105 28
105 29
105 31
105 32
105 36
105 37
105 40
105 41
105 42
105 44
105 45
105 46
105 49
105 52
105 59
105 60
105 61
105 63
105 70
105 73
105 74
105 75
105 78
105 80
105 81
105 82
105 84
105 90
105 92
105 93
105 95
105 103
105 104
105 106
105 107
105 108
106 17
106 23
106 27
106 49
106 82
106 83
106 84
106 103
106 104
106 105
106 107
106 108
107 17
107 23
107 27
107 49
107 82
107 83
107 84
107 103
107 104
107 105
107 106
107 108
108 17
108 23
108 27
108 49
108 82
108 83
108 84
108 103
108 104
108 105
108 106
108 107
