1 3
1 6
1 7
1 9
1 12
1 18
1 20
1 24
1 25
1 33
1 35
1 39
1 43
1 47
1 48
1 50
1 51
1 54
1 55
1 56
1 64
1 68
1 69
1 72
1 77
1 79
1 88
1 89
1 96
1 98
2 31
3 1
3 6
3 7
3 8
3 9
3 12
3 14
3 18
3 20
3 24
3 25
3 33
3 34
3 35
3 39
3 43
3 47
3 48
3 50
3 51
3 54
3 55
3 56
3 62
3 64
3 68
3 69
3 72
3 77
3 79
3 88
3 89
3 96
3 98
4 81
6 1
6 3
6 7
6 9
6 12
6 18
6 20
6 24
6 25
6 33
6 35
6 39
6 43
6 47
6 48
6 50
6 51
6 54
6 55
6 56
6 64
6 68
6 69
6 72
6 77
6 88
6 89
6 96
6 98
7 1
7 3
7 6
7 9
7 12
7 18
7 20
7 35
7 39
7 43
7 47
7 50
7 54
7 55
7 56
7 64
7 68
7 69
7 72
7 77
7 88
7 89
7 98
8 3
8 9
8 25
8 51
8 56
8 72
8 88
8 96
8 102
9 1
9 3
9 6
9 7
9 8
9 12
9 14
9 18
9 20
9 24
9 33
9 35
9 39
9 43
9 47
9 48
9 50
9 51
9 54
9 55
9 56
9 64
9 68
9 69
9 72
9 77
9 79
9 88
9 89
9 96
9 98
12 1
12 3
12 6
12 7
12 9
12 14
12 18
12 20
12 24
12 25
12 33
12 35
12 39
12 43
12 47
12 48
12 50
12 51
12 54
12 55
12 56
12 64
12 68
12 69
12 72
12 77
12 87
12 88
12 89
12 96
12 98
14 3
14 9
14 12
14 18
14 35
14 39
14 47
14 48
14 51
14 56
14 64
14 68
14 72
14 77
14 87
14 88
17 27
17 49
17 82
17 106
17 107
17 108
18 1
18 3
18 6
18 7
18 9
18 12
18 14
18 20
18 24
18 25
18 33
18 35
18 39
18 43
18 47
18 48
18 50
18 51
18 54
18 55
18 56
18 64
18 68
18 69
18 72
18 77
18 88
18 89
18 96
18 98
20 1
20 3
20 6
20 7
20 9
20 12
20 18
20 24
20 33
20 35
20 39
20 43
20 47
20 48
20 50
20 51
20 54
20 55
20 56
20 64
20 68
20 69
20 72
20 77
20 79
20 88
20 89
20 96
20 98
24 1
24 3
24 6
24 9
24 12
24 18
24 20
24 35
24 39
24 47
24 54
24 56
24 64
24 68
24 72
24 77
24 88
24 98
25 1
25 3
25 6
25 8
25 12
25 18
25 33
25 35
25 39
25 47
25 48
25 50
25 51
25 54
25 56
25 64
25 68
25 72
25 77
25 88
25 96
27 17
27 49
27 82
27 106
27 107
27 108
30 34
30 51
30 77
31 2
31 32
31 61
31 80
31 92
31 95
32 31
32 80
32 92
32 95
33 1
33 3
33 6
33 9
33 12
33 18
33 20
33 25
33 35
33 39
33 43
33 47
33 48
33 50
33 51
33 54
33 55
33 56
33 64
33 68
33 69
33 72
33 77
33 88
33 89
33 96
33 98
34 3
34 30
34 51
34 56
34 77
34 88
34 98
35 1
35 3
35 6
35 7
35 9
35 12
35 14
35 18
35 20
35 24
35 25
35 33
35 39
35 43
35 47
35 48
35 50
35 51
35 54
35 55
35 56
35 64
35 68
35 69
35 72
35 77
35 79
35 88
35 89
35 96
35 98
37 80
37 92
37 95
39 1
39 3
39 6
39 7
39 9
39 12
39 14
39 18
39 20
39 24
39 25
39 33
39 35
39 43
39 47
39 48
39 50
39 51
39 54
39 55
39 56
39 64
39 68
39 69
39 72
39 77
39 79
39 87
39 88
39 89
39 96
39 98
41 80
43 1
43 3
43 6
43 7
43 9
43 12
43 18
43 20
43 33
43 35
43 39
43 47
43 48
43 50
43 51
43 54
43 55
43 56
43 64
43 68
43 69
43 72
43 77
43 79
43 88
43 89
43 96
43 98
47 1
47 3
47 6
47 7
47 9
47 12
47 14
47 18
47 20
47 24
47 25
47 33
47 35
47 39
47 43
47 48
47 50
47 51
47 54
47 55
47 56
47 64
47 68
47 69
47 72
47 77
47 88
47 89
47 96
47 98
48 1
48 3
48 6
48 9
48 12
48 14
48 18
48 20
48 25
48 33
48 35
48 39
48 43
48 47
48 50
48 51
48 54
48 55
48 56
48 64
48 68
48 69
48 72
48 77
48 87
48 88
48 89
48 96
48 98
49 17
49 27
49 82
49 106
49 107
49 108
50 1
50 3
50 6
50 7
50 9
50 12
50 18
50 20
50 25
50 33
50 35
50 39
50 43
50 47
50 48
50 51
50 54
50 55
50 56
50 64
50 68
50 69
50 72
50 77
50 88
50 89
50 96
50 98
51 1
51 3
51 6
51 8
51 9
51 12
51 14
51 18
51 20
51 25
51 30
51 33
51 34
51 35
51 39
51 43
51 47
51 48
51 50
51 54
51 55
51 56
51 64
51 68
51 69
51 72
51 77
51 85
51 87
51 88
51 89
51 96
51 98
52 60
52 61
52 92
54 1
54 3
54 6
54 7
54 9
54 12
54 18
54 20
54 24
54 25
54 33
54 35
54 39
54 43
54 47
54 48
54 50
54 51
54 55
54 56
54 64
54 68
54 69
54 72
54 77
54 88
54 89
54 96
54 98
55 1
55 3
55 6
55 7
55 9
55 12
55 18
55 20
55 33
55 35
55 39
55 43
55 47
55 48
55 50
55 51
55 54
55 56
55 64
55 68
55 69
55 72
55 77
55 79
55 88
55 89
55 96
55 98
56 1
56 3
56 6
56 7
56 8
56 9
56 12
56 14
56 18
56 20
56 24
56 25
56 33
56 34
56 35
56 39
56 43
56 47
56 48
56 50
56 51
56 54
56 55
56 64
56 68
56 69
56 72
56 77
56 79
56 88
56 89
56 96
56 98
60 52
60 61
60 80
60 92
61 31
61 52
61 60
61 80
61 92
61 95
62 3
62 72
64 1
64 3
64 6
64 7
64 9
64 12
64 14
64 18
64 20
64 24
64 25
64 33
64 35
64 39
64 43
64 47
64 48
64 50
64 51
64 54
64 55
64 56
64 68
64 69
64 72
64 77
64 88
64 89
64 96
64 98
66 72
66 77
68 1
68 3
68 6
68 7
68 9
68 12
68 14
68 18
68 20
68 24
68 25
68 33
68 35
68 39
68 43
68 47
68 48
68 50
68 51
68 54
68 55
68 56
68 64
68 69
68 72
68 77
68 88
68 89
68 96
68 98
69 1
69 3
69 6
69 7
69 9
69 12
69 18
69 20
69 33
69 35
69 39
69 43
69 47
69 48
69 50
69 51
69 54
69 55
69 56
69 64
69 68
69 72
69 77
69 88
69 89
69 96
69 98
72 1
72 3
72 6
72 7
72 8
72 9
72 12
72 14
72 18
72 20
72 24
72 25
72 33
72 35
72 39
72 43
72 47
72 48
72 50
72 51
72 54
72 55
72 56
72 62
72 64
72 66
72 68
72 69
72 77
72 79
72 87
72 88
72 89
72 96
72 98
77 1
77 3
77 6
77 7
77 9
77 12
77 14
77 18
77 20
77 24
77 25
77 30
77 33
77 34
77 35
77 39
77 43
77 47
77 48
77 50
77 51
77 54
77 55
77 56
77 64
77 66
77 68
77 69
77 72
77 79
77 87
77 88
77 89
77 96
77 98
79 1
79 3
79 9
79 20
79 35
79 39
79 43
79 55
79 56
79 72
79 77
79 88
79 98
80 31
80 32
80 37
80 41
80 60
80 61
80 92
80 95
81 4
82 17
82 27
82 49
82 106
82 107
82 108
85 51
87 12
87 14
87 39
87 48
87 51
87 72
87 77
87 88
87 97
88 1
88 3
88 6
88 7
88 8
88 9
88 12
88 14
88 18
88 20
88 24
88 25
88 33
88 34
88 35
88 39
88 43
88 47
88 48
88 50
88 51
88 54
88 55
88 56
88 64
88 68
88 69
88 72
88 77
88 79
88 87
88 89
88 96
88 98
89 1
89 3
89 6
89 7
89 9
89 12
89 18
89 20
89 33
89 35
89 39
89 43
89 47
89 48
89 50
89 51
89 54
89 55
89 56
89 64
89 68
89 69
89 72
89 77
89 88
89 96
89 98
92 31
92 32
92 37
92 52
92 60
92 61
92 80
92 95
95 31
95 32
95 37
95 61
95 80
95 92
96 1
96 3
96 6
96 8
96 9
96 12
96 18
96 20
96 25
96 33
96 35
96 39
96 43
96 47
96 48
96 50
96 51
96 54
96 55
96 56
96 64
96 68
96 69
96 72
96 77
96 88
96 89
96 98
97 87
98 1
98 3
98 6
98 7
98 9
98 12
98 18
98 20
98 24
98 33
98 34
98 35
98 39
98 43
98 47
98 48
98 50
98 51
98 54
98 55
98 56
98 64
98 68
98 69
98 72
98 77
98 79
98 88
98 89
98 96
100 101
101 100
102 8
106 17
106 27
106 49
106 82
107 17
107 27
107 49
107 82
107 108
108 17
108 27
108 49
108 82
108 107
