1 2
1 3
1 4
1 5
1 6
7 8
7 8
7 8
7 8
7 8
7 9
7 9
7 10
7 3
7 3
7 3
7 3
7 11
7 4
7 4
7 12
7 13
7 13
7 13
7 13
7 14
7 14
7 15
7 15
7 15
7 16
7 16
7 16
7 16
7 17
7 18
7 19
7 19
7 19
7 19
7 19
7 19
7 19
7 20
7 21
7 21
7 21
7 21
22 8
22 8
22 8
22 8
22 8
22 8
22 8
22 9
22 9
22 9
22 9
22 3
22 3
22 3
22 3
22 3
22 3
22 3
22 3
22 3
22 3
22 3
22 3
22 4
22 13
22 13
22 14
22 14
22 15
22 15
22 23
22 23
22 23
22 23
22 23
22 23
22 23
22 23
22 23
22 23
22 23
22 23
22 18
22 18
22 24
22 24
22 24
22 24
22 25
22 25
22 19
22 19
22 19
22 19
22 19
22 19
22 26
22 27
22 21
22 21
22 21
22 21
22 6
22 6
22 6
28 22
28 22
28 22
28 22
28 22
28 22
28 22
28 22
28 3
28 11
28 12
28 14
28 14
28 14
28 23
28 23
28 16
28 17
28 25
28 25
28 19
28 19
28 26
28 26
28 26
28 20
28 27
28 21
28 21
28 21
28 6
28 6
8 9
8 3
8 3
8 3
8 3
8 3
8 3
8 3
8 3
8 3
8 3
8 4
8 4
8 4
8 13
8 13
8 13
8 13
8 13
8 15
8 15
8 15
8 15
8 23
8 23
8 23
8 23
8 23
8 23
8 23
8 16
8 17
8 18
8 24
8 24
8 24
8 24
8 24
8 19
8 19
8 19
8 19
8 19
8 19
8 19
8 19
8 26
8 26
8 26
8 26
8 26
8 26
8 21
8 21
8 21
8 6
9 28
9 28
9 28
9 28
9 28
9 28
9 28
9 11
9 11
9 4
9 4
9 4
9 13
9 13
9 14
9 14
9 14
9 14
9 15
9 23
9 23
9 23
9 16
9 16
9 17
9 17
9 18
9 18
9 18
9 25
9 25
9 25
9 19
9 19
9 19
9 19
9 26
9 26
9 26
9 26
9 26
9 26
9 26
9 26
9 26
9 20
9 20
9 21
9 6
9 6
9 6
9 6
10 22
10 16
10 27
2 7
2 22
2 28
2 28
2 28
2 28
2 8
2 8
2 8
2 8
2 8
2 9
2 9
2 9
2 4
2 12
2 13
2 13
2 15
2 23
2 23
2 24
2 24
2 24
2 26
2 26
2 26
2 26
2 26
2 27
2 27
2 21
2 21
2 21
2 21
3 28
3 8
3 9
3 9
3 9
3 9
3 9
3 9
3 9
3 2
3 4
3 14
3 14
3 14
3 14
3 14
3 14
3 14
3 15
3 15
3 15
3 15
3 15
3 23
3 23
3 23
3 23
3 23
3 23
3 23
3 23
3 16
3 16
3 18
3 18
3 18
3 24
3 24
3 25
3 25
3 25
3 5
3 19
3 19
3 19
3 19
3 19
3 26
3 26
3 26
3 26
3 20
3 20
3 20
3 20
3 20
3 20
3 21
3 6
3 6
3 6
3 6
3 6
11 3
11 14
11 14
11 23
11 23
11 16
11 17
11 17
11 18
11 25
11 5
11 26
11 26
11 21
4 2
4 3
4 3
4 11
4 12
4 15
4 15
4 23
4 16
4 18
4 18
4 24
4 24
4 24
4 25
4 25
4 5
4 19
4 19
4 26
4 26
4 20
4 27
4 21
4 6
12 9
12 2
12 2
12 16
12 16
12 16
12 16
12 16
12 5
12 26
12 20
12 20
12 21
13 3
13 3
13 3
13 3
13 3
13 11
13 11
13 14
13 14
13 15
13 15
13 23
13 23
13 17
13 18
13 24
13 24
13 24
13 25
13 25
13 19
13 19
13 19
13 26
13 20
13 20
13 27
13 6
13 6
13 6
14 11
14 4
14 4
14 13
14 13
14 13
14 17
14 17
14 17
14 17
14 17
14 17
14 17
14 24
14 24
14 24
14 25
14 25
14 25
14 19
14 19
14 19
14 19
14 26
14 26
14 26
14 20
14 20
14 20
14 21
14 6
15 14
15 14
15 23
15 23
15 23
15 23
15 23
15 23
15 17
15 18
15 18
15 24
15 19
15 19
15 19
15 26
15 26
15 26
15 20
15 20
15 27
15 21
15 21
15 6
23 14
23 17
23 25
23 19
23 26
23 26
23 20
23 20
23 20
23 27
23 27
23 21
23 21
23 21
23 21
23 6
23 6
16 2
16 2
16 2
16 2
16 15
16 15
16 17
16 18
16 18
16 19
16 19
16 26
16 20
16 20
16 21
16 6
17 13
17 14
17 25
17 20
17 27
17 27
17 21
17 6
18 4
18 23
18 23
18 23
18 23
18 23
18 23
18 23
18 23
18 23
18 23
18 24
18 25
18 19
18 19
18 19
18 26
18 26
18 26
18 26
18 20
18 20
18 27
18 27
18 27
18 21
18 21
18 21
18 21
18 6
18 6
18 6
18 6
18 6
18 6
24 23
24 18
24 18
24 18
24 26
24 26
24 26
24 20
24 20
24 20
24 21
24 21
24 21
24 21
24 6
24 6
24 6
24 6
24 6
24 6
24 6
24 6
24 6
24 6
24 6
25 14
25 14
25 18
25 18
25 18
25 24
25 24
25 24
25 24
25 24
25 24
25 24
25 24
25 20
25 20
25 20
25 20
25 20
25 20
25 20
25 20
25 21
25 21
25 6
25 6
5 16
5 21
19 18
19 24
19 24
19 24
19 24
19 24
19 25
19 26
19 26
19 20
19 27
19 6
19 6
19 6
19 6
19 6
26 20
26 20
26 20
26 20
26 20
26 21
26 6
26 6
20 26
20 21
20 21
20 21
27 26
21 6
21 6
21 6
21 6
21 6
21 6
21 6
21 6
21 6
21 6
