7 8
7 8
7 8
7 8
7 8
7 3
7 3
7 3
7 3
7 13
7 13
7 13
7 13
7 15
7 15
7 15
7 16
7 16
7 16
7 16
7 19
7 19
7 19
7 19
7 19
7 19
7 19
7 21
7 21
7 21
7 21
22 8
22 8
22 8
22 8
22 8
22 8
22 8
22 9
22 9
22 9
22 9
22 3
22 3
22 3
22 3
22 3
22 3
22 3
22 3
22 3
22 3
22 3
22 3
22 23
22 23
22 23
22 23
22 23
22 23
22 23
22 23
22 23
22 23
22 23
22 23
22 24
22 24
22 24
22 24
22 19
22 19
22 19
22 19
22 19
22 19
22 21
22 21
22 21
22 21
22 6
22 6
22 6
28 22
28 22
28 22
28 22
28 22
28 22
28 22
28 22
28 14
28 14
28 14
28 26
28 26
28 26
28 21
28 21
28 21
8 3
8 3
8 3
8 3
8 3
8 3
8 3
8 3
8 3
8 3
8 4
8 4
8 4
8 13
8 13
8 13
8 13
8 13
8 15
8 15
8 15
8 15
8 23
8 23
8 23
8 23
8 23
8 23
8 23
8 24
8 24
8 24
8 24
8 24
8 19
8 19
8 19
8 19
8 19
8 19
8 19
8 19
8 26
8 26
8 26
8 26
8 26
8 26
8 21
8 21
8 21
9 28
9 28
9 28
9 28
9 28
9 28
9 28
9 4
9 4
9 4
9 14
9 14
9 14
9 14
9 23
9 23
9 23
9 18
9 18
9 18
9 25
9 25
9 25
9 19
9 19
9 19
9 19
9 26
9 26
9 26
9 26
9 26
9 26
9 26
9 26
9 26
9 20
9 20
9 6
9 6
9 6
9 6
2 28
2 28
2 28
2 28
2 8
2 8
2 8
2 8
2 8
2 9
2 9
2 9
2 24
2 24
2 24
2 26
2 26
2 26
2 26
2 26
2 21
2 21
2 21
2 21
3 9
3 9
3 9
3 9
3 9
3 9
3 9
3 14
3 14
3 14
3 14
3 14
3 14
3 14
3 15
3 15
3 15
3 15
3 15
3 23
3 23
3 23
3 23
3 23
3 23
3 23
3 23
3 18
3 18
3 18
3 25
3 25
3 25
3 19
3 19
3 19
3 19
3 19
3 26
3 26
3 26
3 26
3 20
3 20
3 20
3 20
3 20
3 20
3 6
3 6
3 6
3 6
3 6
11 17
11 17
11 17
11 26
11 26
11 26
4 24
4 24
4 24
4 26
4 26
12 16
12 16
12 16
12 16
12 16
13 3
13 3
13 3
13 3
13 3
13 24
13 24
13 24
13 19
13 19
13 19
13 6
13 6
13 6
14 13
14 13
14 13
14 17
14 17
14 17
14 17
14 17
14 17
14 17
14 24
14 24
14 24
14 25
14 25
14 25
14 19
14 19
14 19
14 19
14 26
14 26
14 26
14 20
14 20
14 20
15 23
15 23
15 23
15 23
15 23
15 23
15 19
15 19
15 19
15 26
15 26
15 26
15 21
15 21
23 20
23 20
23 20
23 21
23 21
23 21
23 21
16 2
16 2
16 2
16 2
17 27
17 27
17 27
18 23
18 23
18 23
18 23
18 23
18 23
18 23
18 23
18 23
18 23
18 19
18 19
18 19
18 26
18 26
18 26
18 26
18 27
18 27
18 27
18 21
18 21
18 21
18 21
18 6
18 6
18 6
18 6
18 6
18 6
24 18
24 18
24 18
24 26
24 26
24 26
24 20
24 20
24 20
24 21
24 21
24 21
24 21
24 6
24 6
24 6
24 6
24 6
24 6
24 6
24 6
24 6
24 6
24 6
25 18
25 18
25 18
25 24
25 24
25 24
25 24
25 24
25 24
25 24
25 24
25 20
25 20
25 20
25 20
25 20
25 20
25 20
25 20
19 24
19 24
19 24
19 24
19 24
19 6
19 6
19 6
19 6
19 6
26 20
26 20
26 20
26 20
26 20
20 26
20 21
20 21
20 21
21 6
21 6
21 6
21 6
21 6
21 6
21 6
21 6
21 6
21 6
